Id,County,Females aged 25-29,Males aged 25-29,Total aged 25-29,Females aged 25-29 - Never married,Males aged 25-29 - Never married,Total aged 25-29 - Never married,Percent Aged 25-29 - Never Marroed,Females aged 50+,Males aged 50+,Total aged 50+,Females aged 50+ Never married,Males aged 50+ Never married,Total aged 50+ Never married,Percent Aged 50+ Never Marroed
1001,"Autauga County, Alabama",1724,1651,3375,484,722,1206,35.73,9409,8059,17468,588,543,1131,6.474696588
1003,"Baldwin County, Alabama",5250,5385,10635,2211,3131,5342,50.23,39283,34641,73924,1775,1617,3392,4.588496293
1005,"Barbour County, Alabama",836,1159,1995,477,784,1261,63.21,5044,4556,9600,361,467,828,8.625
1007,"Bibb County, Alabama",629,948,1577,234,610,844,53.52,3873,3788,7661,212,437,649,8.471478919
1009,"Blount County, Alabama",1629,1669,3298,287,684,971,29.44,10957,9696,20653,342,311,653,3.161768266
1011,"Bullock County, Alabama",291,331,622,142,278,420,67.52,1890,1834,3724,235,343,578,15.52094522
1013,"Butler County, Alabama",666,521,1187,395,328,723,60.91,4502,3480,7982,355,299,654,8.193435229
1015,"Calhoun County, Alabama",3898,3697,7595,1630,1914,3544,46.66,22906,18889,41795,1158,976,2134,5.105873908
1017,"Chambers County, Alabama",995,935,1930,590,505,1095,56.74,7414,6023,13437,482,547,1029,7.657959366
1019,"Cherokee County, Alabama",633,579,1212,117,255,372,30.69,5830,5445,11275,175,215,390,3.458980044
1021,"Chilton County, Alabama",1374,1328,2702,369,518,887,32.83,7921,7087,15008,193,396,589,3.924573561
1023,"Choctaw County, Alabama",324,281,605,186,235,421,69.59,3098,2599,5697,260,182,442,7.75846937
1025,"Clarke County, Alabama",658,594,1252,375,380,755,60.30,5198,4371,9569,473,393,866,9.050057477
1027,"Clay County, Alabama",316,344,660,94,99,193,29.24,2905,2597,5502,158,84,242,4.398400582
1029,"Cleburne County, Alabama",461,372,833,176,238,414,49.70,2948,2705,5653,130,180,310,5.483813904
1031,"Coffee County, Alabama",1650,1873,3523,747,1041,1788,50.75,9301,8034,17335,418,714,1132,6.530141333
1033,"Colbert County, Alabama",1602,1482,3084,629,887,1516,49.16,11600,9692,21292,502,435,937,4.400713883
1035,"Conecuh County, Alabama",301,298,599,163,217,380,63.44,2868,2511,5379,287,299,586,10.89421826
1037,"Coosa County, Alabama",266,305,571,106,117,223,39.05,2437,2244,4681,148,235,383,8.182012391
1039,"Covington County, Alabama",1060,994,2054,386,400,786,38.27,8349,7030,15379,349,431,780,5.071851226
1041,"Crenshaw County, Alabama",384,361,745,222,210,432,57.99,2817,2463,5280,152,186,338,6.401515152
1043,"Cullman County, Alabama",2225,2530,4755,458,742,1200,25.24,15968,14068,30036,526,689,1215,4.045145825
1045,"Dale County, Alabama",1729,1949,3678,505,836,1341,36.46,9039,7698,16737,264,433,697,4.164426122
1047,"Dallas County, Alabama",1358,1146,2504,1093,737,1830,73.08,8503,6743,15246,1303,972,2275,14.92194674
1049,"DeKalb County, Alabama",2010,2030,4040,456,894,1350,33.42,12779,11345,24124,370,620,990,4.103797049
1051,"Elmore County, Alabama",2694,2497,5191,1026,1415,2441,47.02,13663,12297,25960,501,740,1241,4.780431433
1053,"Escambia County, Alabama",1017,1176,2193,494,805,1299,59.23,7176,6511,13687,310,719,1029,7.518082852
1055,"Etowah County, Alabama",3040,2902,5942,1197,1569,2766,46.55,21140,17697,38837,979,1190,2169,5.584880398
1057,"Fayette County, Alabama",429,547,976,180,284,464,47.54,3667,3240,6907,195,242,437,6.326914724
1059,"Franklin County, Alabama",1007,955,1962,483,522,1005,51.22,5932,5027,10959,349,290,639,5.83082398
1061,"Geneva County, Alabama",738,679,1417,302,255,557,39.31,5610,4832,10442,283,196,479,4.587243823
1063,"Greene County, Alabama",237,225,462,79,184,263,56.93,1972,1613,3585,322,224,546,15.23012552
1065,"Hale County, Alabama",468,387,855,337,260,597,69.82,3197,2692,5889,355,374,729,12.37901172
1067,"Henry County, Alabama",474,430,904,236,266,502,55.53,3923,3251,7174,223,229,452,6.300529691
1069,"Houston County, Alabama",3463,3233,6696,1589,1897,3486,52.06,19776,16412,36188,1011,1110,2121,5.861058915
1071,"Jackson County, Alabama",1287,1494,2781,430,844,1274,45.81,11137,9751,20888,483,534,1017,4.868824205
1073,"Jefferson County, Alabama",25382,22862,48244,15020,15056,30076,62.34,124515,97851,222366,11122,9385,20507,9.222183247
1075,"Lamar County, Alabama",387,327,714,80,99,179,25.07,3150,2744,5894,37,65,102,1.730573465
1077,"Lauderdale County, Alabama",2617,2595,5212,1024,1309,2333,44.76,19272,15932,35204,688,904,1592,4.522213385
1079,"Lawrence County, Alabama",990,969,1959,283,558,841,42.93,6779,5915,12694,253,416,669,5.270206397
1081,"Lee County, Alabama",5629,5769,11398,2940,3527,6467,56.74,20110,17439,37549,964,1199,2163,5.760472982
1083,"Limestone County, Alabama",2660,3057,5717,871,1850,2721,47.59,15065,13764,28829,781,934,1715,5.948870929
1085,"Lowndes County, Alabama",324,290,614,194,250,444,72.31,2231,1837,4068,373,307,680,16.71583088
1087,"Macon County, Alabama",626,538,1164,431,447,878,75.43,4074,3229,7303,553,455,1008,13.8025469
1089,"Madison County, Alabama",11914,12206,24120,5702,7981,13683,56.73,60249,52989,113238,3360,3938,7298,6.444833007
1091,"Marengo County, Alabama",589,472,1061,364,268,632,59.57,4378,3577,7955,308,316,624,7.844123193
1093,"Marion County, Alabama",781,798,1579,243,442,685,43.38,6537,5898,12435,175,287,462,3.715319662
1095,"Marshall County, Alabama",2844,2927,5771,859,1386,2245,38.90,17614,14926,32540,582,582,1164,3.577135833
1097,"Mobile County, Alabama",14749,13391,28140,7766,8142,15908,56.53,75813,63096,138909,4861,5821,10682,7.689926499
1099,"Monroe County, Alabama",577,492,1069,198,310,508,47.52,4667,3900,8567,261,570,831,9.700011673
1101,"Montgomery County, Alabama",8791,8214,17005,5814,5886,11700,68.80,39855,31155,71010,3674,2843,6517,9.177580622
1103,"Morgan County, Alabama",3695,3723,7418,1208,2285,3493,47.09,22685,19508,42193,910,982,1892,4.48415614
1105,"Perry County, Alabama",99,190,289,62,155,217,75.09,2067,1669,3736,387,185,572,15.31049251
1107,"Pickens County, Alabama",570,527,1097,268,293,561,51.14,4143,3578,7721,428,456,884,11.44929413
1109,"Pike County, Alabama",994,1208,2202,448,814,1262,57.31,5456,4575,10031,280,464,744,7.417007277
1111,"Randolph County, Alabama",478,528,1006,143,238,381,37.87,4820,4213,9033,241,182,423,4.682829625
1113,"Russell County, Alabama",2374,2242,4616,970,1270,2240,48.53,9653,7824,17477,711,697,1408,8.056302569
1115,"St. Clair County, Alabama",2715,2652,5367,851,1008,1859,34.64,15354,13852,29206,601,498,1099,3.762925426
1117,"Shelby County, Alabama",6614,6017,12631,2986,3493,6479,51.29,33863,29455,63318,1175,937,2112,3.335544395
1119,"Sumter County, Alabama",296,299,595,166,225,391,65.71,2819,2092,4911,493,465,958,19.50722867
1121,"Talladega County, Alabama",2418,2307,4725,1150,1455,2605,55.13,15821,13612,29433,660,916,1576,5.354534026
1123,"Tallapoosa County, Alabama",1199,1121,2320,513,598,1111,47.89,8912,7807,16719,348,678,1026,6.136730666
1125,"Tuscaloosa County, Alabama",8285,7977,16262,4373,5118,9491,58.36,30682,25833,56515,2187,2293,4480,7.927099
1127,"Walker County, Alabama",1756,1825,3581,654,952,1606,44.85,13872,11784,25656,534,506,1040,4.053632679
1129,"Washington County, Alabama",470,425,895,231,132,363,40.56,3349,3100,6449,151,100,251,3.892076291
1131,"Wilcox County, Alabama",321,255,576,215,213,428,74.31,2354,1912,4266,418,330,748,17.53398969
1133,"Winston County, Alabama",596,624,1220,126,384,510,41.80,5314,4627,9941,214,252,466,4.687657177
2013,"Aleutians East Borough, Alaska",75,166,241,58,103,161,66.80,330,624,954,22,63,85,8.909853249
2016,"Aleutians West Census Area, Alaska",179,266,445,121,190,311,69.89,635,1074,1709,93,155,248,14.51141018
2020,"Anchorage Municipality, Alaska",12684,13903,26587,5828,8513,14341,53.94,40854,39408,80262,2759,4262,7021,8.747601605
2050,"Bethel Census Area, Alaska",689,710,1399,375,520,895,63.97,1770,1965,3735,282,419,701,18.76840696
2060,"Bristol Bay Borough, Alaska",28,36,64,9,20,29,45.31,148,198,346,7,21,28,8.092485549
2068,"Denali Borough, Alaska",70,73,143,36,65,101,70.63,325,339,664,110,50,160,24.09638554
2070,"Dillingham Census Area, Alaska",185,162,347,116,124,240,69.16,631,698,1329,58,148,206,15.50037622
2090,"Fairbanks North Star Borough, Alaska",4281,5354,9635,1269,2621,3890,40.37,12036,12611,24647,908,1311,2219,9.003124112
2100,"Haines Borough, Alaska",85,129,214,57,99,156,72.90,457,554,1011,34,74,108,10.68249258
2105,"Hoonah-Angoon Census Area, Alaska",59,58,117,30,49,79,67.52,408,558,966,30,51,81,8.385093168
2110,"Juneau City and Borough, Alaska",1157,1287,2444,759,934,1693,69.27,5126,5323,10449,436,610,1046,10.01052732
2122,"Kenai Peninsula Borough, Alaska",1589,1848,3437,525,1172,1697,49.37,10219,11029,21248,571,874,1445,6.80064006
2130,"Ketchikan Gateway Borough, Alaska",457,487,944,197,320,517,54.77,2316,2393,4709,114,231,345,7.326396262
2150,"Kodiak Island Borough, Alaska",396,582,978,180,375,555,56.75,1807,1917,3724,99,288,387,10.39205156
2164,"Lake and Peninsula Borough, Alaska",48,56,104,26,33,59,56.73,194,219,413,17,40,57,13.80145278
2170,"Matanuska-Susitna Borough, Alaska",3019,3307,6326,1365,1979,3344,52.86,13267,14151,27418,570,989,1559,5.686045663
2180,"Nome Census Area, Alaska",360,426,786,259,348,607,77.23,1016,1243,2259,100,282,382,16.91013723
2185,"North Slope Borough, Alaska",276,513,789,195,374,569,72.12,820,1889,2709,107,199,306,11.29568106
2188,"Northwest Arctic Borough, Alaska",294,320,614,208,268,476,77.52,741,891,1632,58,192,250,15.31862745
2195,"Petersburg Borough, Alaska",79,98,177,27,65,92,51.98,640,580,1220,34,80,114,9.344262295
2198,"Prince of Wales-Hyder Census Area, Alaska",181,195,376,94,145,239,63.56,1012,1269,2281,26,140,166,7.277509864
2220,"Sitka City and Borough, Alaska",322,306,628,167,230,397,63.22,1580,1509,3089,125,101,226,7.316283587
2230,"Skagway Municipality, Alaska",30,21,51,13,13,26,50.98,182,219,401,7,20,27,6.733167082
2240,"Southeast Fairbanks Census Area, Alaska",196,249,445,34,125,159,35.73,967,1274,2241,41,162,203,9.058456046
2261,"Valdez-Cordova Census Area, Alaska",396,325,721,226,212,438,60.75,1527,1734,3261,48,182,230,7.053051211
2270,"Wade Hampton Census Area, Alaska",288,323,611,230,269,499,81.67,668,724,1392,56,143,199,14.29597701
2275,"Wrangell City and Borough, Alaska",31,68,99,18,52,70,70.71,672,674,1346,47,32,79,5.869242199
2282,"Yakutat City and Borough, Alaska",27,15,42,13,3,16,38.10,67,139,206,4,25,29,14.0776699
2290,"Yukon-Koyukuk Census Area, Alaska",165,197,362,105,166,271,74.86,861,1062,1923,122,250,372,19.34477379
4001,"Apache County, Arizona",1978,2255,4233,1315,1704,3019,71.32,11596,10468,22064,2220,1947,4167,18.88596809
4003,"Cochise County, Arizona",4005,4933,8938,1217,2785,4002,44.78,25998,24030,50028,1200,1979,3179,6.354441513
4005,"Coconino County, Arizona",4607,5142,9749,2725,3572,6297,64.59,19840,18295,38135,1734,1859,3593,9.421791006
4007,"Gila County, Arizona",1143,1296,2439,621,838,1459,59.82,13234,12328,25562,798,726,1524,5.961974806
4009,"Graham County, Arizona",1112,1634,2746,524,1033,1557,56.70,5248,5101,10349,260,367,627,6.058556382
4011,"Greenlee County, Arizona",348,363,711,109,214,323,45.43,1284,1301,2585,46,36,82,3.172147002
4012,"La Paz County, Arizona",473,401,874,205,152,357,40.85,5587,5743,11330,268,292,560,4.942630185
4013,"Maricopa County, Arizona",138950,143703,282653,75600,95066,170666,60.38,639592,558313,1197905,43729,47358,91087,7.603858403
4015,"Mohave County, Arizona",4643,5090,9733,2329,3439,5768,59.26,49522,48030,97552,1820,2847,4667,4.784115139
4017,"Navajo County, Arizona",2932,3253,6185,1515,2271,3786,61.21,19038,17200,36238,1691,1770,3461,9.550747834
4019,"Pima County, Arizona",30272,32074,62346,16636,21391,38027,60.99,190484,165104,355588,13380,15939,29319,8.245216374
4021,"Pinal County, Arizona",11864,13805,25669,5292,7793,13085,50.98,66543,63365,129908,3812,4862,8674,6.677032977
4023,"Santa Cruz County, Arizona",1170,1204,2374,499,543,1042,43.89,8536,7221,15757,735,390,1125,7.13968395
4025,"Yavapai County, Arizona",4566,4880,9446,1686,2980,4666,49.40,57783,51451,109234,2675,4027,6702,6.135452332
4027,"Yuma County, Arizona",6352,7722,14074,2210,3865,6075,43.16,32956,30606,63562,964,1183,2147,3.377804349
5001,"Arkansas County, Arkansas",549,501,1050,199,231,430,40.95,3958,3407,7365,245,281,526,7.141887305
5003,"Ashley County, Arkansas",625,533,1158,179,196,375,32.38,4271,3810,8081,256,202,458,5.667615394
5005,"Baxter County, Arkansas",900,983,1883,238,547,785,41.69,11318,9883,21201,255,471,726,3.424366775
5007,"Benton County, Arkansas",8092,8085,16177,2438,3952,6390,39.50,35930,31608,67538,1183,1579,2762,4.089549587
5009,"Boone County, Arkansas",1075,1031,2106,239,384,623,29.58,7842,6724,14566,287,399,686,4.709597693
5011,"Bradley County, Arkansas",284,334,618,87,153,240,38.83,2304,2011,4315,133,97,230,5.330243337
5013,"Calhoun County, Arkansas",140,125,265,27,62,89,33.58,1149,1079,2228,72,52,124,5.565529623
5015,"Carroll County, Arkansas",653,681,1334,174,346,520,38.98,6150,5585,11735,266,300,566,4.823178526
5017,"Chicot County, Arkansas",270,337,607,157,253,410,67.55,2555,2104,4659,354,235,589,12.6421979
5019,"Clark County, Arkansas",502,595,1097,191,344,535,48.77,4039,3423,7462,354,306,660,8.844813723
5021,"Clay County, Arkansas",354,461,815,65,253,318,39.02,3465,3019,6484,40,126,166,2.560148057
5023,"Cleburne County, Arkansas",612,649,1261,205,324,529,41.95,6237,5705,11942,173,260,433,3.625858315
5025,"Cleveland County, Arkansas",203,184,387,109,37,146,37.73,1724,1562,3286,51,36,87,2.647595861
5027,"Columbia County, Arkansas",690,653,1343,320,359,679,50.56,4581,3764,8345,123,181,304,3.64289994
5029,"Conway County, Arkansas",617,636,1253,237,325,562,44.85,4251,3837,8088,176,242,418,5.168150346
5031,"Craighead County, Arkansas",4009,3657,7666,1637,1741,3378,44.06,16043,13205,29248,553,653,1206,4.123358862
5033,"Crawford County, Arkansas",1848,1747,3595,473,795,1268,35.27,11137,9795,20932,403,216,619,2.957194726
5035,"Crittenden County, Arkansas",1831,1638,3469,1096,907,2003,57.74,8218,6914,15132,650,649,1299,8.58445678
5037,"Cross County, Arkansas",484,488,972,175,187,362,37.24,3499,2972,6471,228,159,387,5.980528512
5039,"Dallas County, Arkansas",150,202,352,91,107,198,56.25,1777,1515,3292,53,177,230,6.986634265
5041,"Desha County, Arkansas",394,349,743,216,129,345,46.43,2574,2143,4717,207,207,414,8.776764893
5043,"Drew County, Arkansas",529,476,1005,221,270,491,48.86,3405,3034,6439,184,231,415,6.445100171
5045,"Faulkner County, Arkansas",4452,4851,9303,1795,2471,4266,45.86,16878,14707,31585,681,803,1484,4.6984328
5047,"Franklin County, Arkansas",552,445,997,140,213,353,35.41,3597,3203,6800,151,206,357,5.25
5049,"Fulton County, Arkansas",243,267,510,77,122,199,39.02,2983,2762,5745,41,121,162,2.819843342
5051,"Garland County, Arkansas",2581,2578,5159,744,1232,1976,38.30,22196,19068,41264,1267,1178,2445,5.925261729
5053,"Grant County, Arkansas",537,568,1105,186,253,439,39.73,3323,3056,6379,79,102,181,2.837435335
5055,"Greene County, Arkansas",1335,1309,2644,478,729,1207,45.65,7597,6702,14299,185,200,385,2.692495979
5057,"Hempstead County, Arkansas",633,595,1228,309,419,728,59.28,4218,3797,8015,338,277,615,7.673112913
5059,"Hot Spring County, Arkansas",1004,1160,2164,413,721,1134,52.40,6381,6087,12468,140,226,366,2.935514918
5061,"Howard County, Arkansas",476,373,849,205,241,446,52.53,2522,2263,4785,172,217,389,8.129571578
5063,"Independence County, Arkansas",1063,1171,2234,376,486,862,38.59,7102,6101,13203,184,306,490,3.71127774
5065,"Izard County, Arkansas",282,331,613,41,93,134,21.86,3230,3085,6315,47,226,273,4.32304038
5067,"Jackson County, Arkansas",527,689,1216,287,343,630,51.81,3484,3037,6521,209,190,399,6.118693452
5069,"Jefferson County, Arkansas",2308,2478,4786,1488,1851,3339,69.77,14075,11952,26027,1161,1147,2308,8.867714297
5071,"Johnson County, Arkansas",762,896,1658,208,391,599,36.13,4690,4120,8810,154,219,373,4.233825199
5073,"Lafayette County, Arkansas",177,157,334,118,126,244,73.05,1665,1464,3129,111,97,208,6.647491211
5075,"Lawrence County, Arkansas",431,430,861,73,230,303,35.19,3564,3061,6625,108,250,358,5.403773585
5077,"Lee County, Arkansas",206,323,529,145,226,371,70.13,1934,1779,3713,222,420,642,17.29060059
5079,"Lincoln County, Arkansas",345,804,1149,161,602,763,66.41,2077,2378,4455,107,516,623,13.98428732
5081,"Little River County, Arkansas",410,315,725,186,126,312,43.03,2722,2351,5073,67,74,141,2.779420461
5083,"Logan County, Arkansas",559,506,1065,269,223,492,46.20,4505,4213,8718,181,202,383,4.393209452
5085,"Lonoke County, Arkansas",2467,2347,4814,608,841,1449,30.10,11023,9743,20766,442,426,868,4.179909467
5087,"Madison County, Arkansas",393,392,785,14,128,142,18.09,3114,2877,5991,68,102,170,2.837589718
5089,"Marion County, Arkansas",358,356,714,151,162,313,43.84,4412,4167,8579,63,246,309,3.601818394
5091,"Miller County, Arkansas",1467,1445,2912,646,795,1441,49.48,7949,6795,14744,553,438,991,6.721378188
5093,"Mississippi County, Arkansas",1510,1497,3007,571,748,1319,43.86,7806,6583,14389,403,427,830,5.768295226
5095,"Monroe County, Arkansas",167,201,368,82,131,213,57.88,1844,1525,3369,110,71,181,5.372514099
5097,"Montgomery County, Arkansas",169,185,354,49,76,125,35.31,2257,2148,4405,63,142,205,4.653802497
5099,"Nevada County, Arkansas",175,208,383,40,111,151,39.43,1894,1700,3594,38,101,139,3.86755704
5101,"Newton County, Arkansas",176,203,379,8,91,99,26.12,1935,1840,3775,47,188,235,6.225165563
5103,"Ouachita County, Arkansas",784,707,1491,411,311,722,48.42,5606,4643,10249,286,419,705,6.878719875
5105,"Perry County, Arkansas",316,253,569,94,117,211,37.08,2138,1944,4082,77,73,150,3.67466928
5107,"Phillips County, Arkansas",611,544,1155,391,394,785,67.97,4158,3308,7466,392,293,685,9.174926333
5109,"Pike County, Arkansas",269,340,609,64,169,233,38.26,2275,1978,4253,89,54,143,3.362332471
5111,"Poinsett County, Arkansas",740,671,1411,242,326,568,40.26,4782,4144,8926,180,206,386,4.32444544
5113,"Polk County, Arkansas",506,509,1015,119,288,407,40.10,4538,4040,8578,160,180,340,3.963627885
5115,"Pope County, Arkansas",2103,2124,4227,660,975,1635,38.68,10598,9352,19950,414,537,951,4.766917293
5117,"Prairie County, Arkansas",212,219,431,39,81,120,27.84,1879,1770,3649,57,127,184,5.042477391
5119,"Pulaski County, Arkansas",15641,14639,30280,8663,9465,18128,59.87,69303,56419,125722,6137,5648,11785,9.373856604
5121,"Randolph County, Arkansas",507,512,1019,121,175,296,29.05,3761,3232,6993,91,76,167,2.388102388
5123,"St. Francis County, Arkansas",693,1249,1942,383,797,1180,60.76,4607,4579,9186,299,394,693,7.544088831
5125,"Saline County, Arkansas",3557,3427,6984,1252,1634,2886,41.32,20819,18517,39336,595,1018,1613,4.100569453
5127,"Scott County, Arkansas",314,282,596,126,116,242,40.60,2118,1961,4079,61,76,137,3.35866634
5129,"Searcy County, Arkansas",237,224,461,68,117,185,40.13,1875,1783,3658,54,184,238,6.506287589
5131,"Sebastian County, Arkansas",4236,4309,8545,1809,2172,3981,46.59,22530,19289,41819,883,1446,2329,5.569238863
5133,"Sevier County, Arkansas",495,516,1011,185,231,416,41.15,2682,2433,5115,107,150,257,5.024437928
5135,"Sharp County, Arkansas",382,409,791,134,139,273,34.51,4167,3814,7981,97,147,244,3.057260995
5137,"Stone County, Arkansas",288,274,562,51,84,135,24.02,3085,2872,5957,101,50,151,2.53483297
5139,"Union County, Arkansas",1234,1129,2363,440,720,1160,49.09,8207,6997,15204,272,430,702,4.617205998
5141,"Van Buren County, Arkansas",454,376,830,161,199,360,43.37,4063,3755,7818,194,129,323,4.13149143
5143,"Washington County, Arkansas",8510,8329,16839,2929,4271,7200,42.76,29070,25428,54498,1339,1285,2624,4.814855591
5145,"White County, Arkansas",2675,2535,5210,762,783,1545,29.65,13584,11809,25393,543,553,1096,4.31615012
5147,"Woodruff County, Arkansas",203,141,344,112,83,195,56.69,1645,1356,3001,118,84,202,6.731089637
5149,"Yell County, Arkansas",633,651,1284,164,319,483,37.62,4000,3648,7648,89,178,267,3.491108787
6001,"Alameda County, California",59685,59098,118783,37209,44227,81436,68.56,258164,223475,481639,27793,27345,55138,11.44799321
6003,"Alpine County, California",27,31,58,11,24,35,60.34,231,275,506,35,73,108,21.34387352
6005,"Amador County, California",641,902,1543,354,678,1032,66.88,9168,9229,18397,262,794,1056,5.740066315
6007,"Butte County, California",6575,7269,13844,3737,4734,8471,61.19,42489,37073,79562,2139,3797,5936,7.460848144
6009,"Calaveras County, California",838,976,1814,557,770,1327,73.15,11709,10998,22707,457,950,1407,6.196327124
6011,"Colusa County, California",686,729,1415,301,503,804,56.82,3198,3298,6496,186,292,478,7.358374384
6013,"Contra Costa County, California",32757,32898,65655,19395,24313,43708,66.57,195658,168313,363971,15839,13313,29152,8.009429323
6015,"Del Norte County, California",603,1137,1740,126,853,979,56.26,5282,4849,10131,351,699,1050,10.36422861
6017,"El Dorado County, California",4161,4352,8513,2023,3035,5058,59.42,38843,36806,75649,1800,2275,4075,5.386720247
6019,"Fresno County, California",35009,37202,72211,18174,24035,42209,58.45,133425,118646,252071,10238,11992,22230,8.818943869
6021,"Glenn County, California",823,890,1713,367,622,989,57.73,4841,4621,9462,277,387,664,7.01754386
6023,"Humboldt County, California",4610,4994,9604,2973,3745,6718,69.95,25295,22920,48215,2164,2295,4459,9.248159287
6025,"Imperial County, California",5494,7038,12532,2549,4105,6654,53.10,25442,22805,48247,2236,1895,4131,8.562190395
6027,"Inyo County, California",460,514,974,273,376,649,66.63,4157,3981,8138,321,499,820,10.0761858
6029,"Kern County, California",29749,35912,65661,13619,22009,35628,54.26,112036,105454,217490,6640,9178,15818,7.272978068
6031,"Kings County, California",5086,7860,12946,2032,4773,6805,52.56,16926,18617,35543,876,2056,2932,8.249162986
6033,"Lake County, California",1664,1755,3419,1002,1193,2195,64.20,14388,13807,28195,640,1617,2257,8.004965419
6035,"Lassen County, California",607,2673,3280,156,2113,2269,69.18,4502,5627,10129,185,492,677,6.683779248
6037,"Los Angeles County, California",383696,400119,783815,260908,311228,572136,72.99,1572071,1343365,2915436,197676,188679,386355,13.25204875
6039,"Madera County, California",5625,4912,10537,3289,3405,6694,63.53,23442,20949,44391,1988,1751,3739,8.422878511
6041,"Marin County, California",5150,6299,11449,2949,4697,7646,66.78,58214,50040,108254,5854,5759,11613,10.72754817
6043,"Mariposa County, California",410,505,915,164,294,458,50.05,4476,4586,9062,177,231,408,4.502317369
6045,"Mendocino County, California",2432,2328,4760,1358,1676,3034,63.74,18624,16989,35613,1352,2081,3433,9.639738298
6047,"Merced County, California",8985,9787,18772,4340,6049,10389,55.34,34382,31271,65653,2221,2699,4920,7.49394544
6049,"Modoc County, California",208,264,472,49,101,150,31.78,2120,2151,4271,160,192,352,8.241629595
6051,"Mono County, California",266,713,979,138,559,697,71.20,2462,2438,4900,121,245,366,7.469387755
6053,"Monterey County, California",14923,17271,32194,8264,11731,19995,62.11,62738,57467,120205,6206,6550,12756,10.61187139
6055,"Napa County, California",4051,4421,8472,2157,3140,5297,62.52,26866,24195,51061,1756,2068,3824,7.489081687
6057,"Nevada County, California",2245,2184,4429,1167,1626,2793,63.06,24976,22490,47466,1016,1644,2660,5.604011292
6059,"Orange County, California",106225,113588,219813,61597,84195,145792,66.33,507645,445633,953278,35297,34811,70108,7.354412879
6061,"Placer County, California",9532,9747,19279,4673,6497,11170,57.94,71753,62288,134041,3100,4070,7170,5.349109601
6063,"Plumas County, California",411,373,784,230,250,480,61.22,4989,4797,9786,235,391,626,6.396893521
6065,"Riverside County, California",74138,77368,151506,37544,49880,87424,57.70,348026,315793,663819,20835,29732,50567,7.617588529
6067,"Sacramento County, California",55514,55291,110805,31926,36894,68820,62.11,239954,201815,441769,18439,20543,38982,8.824068687
6069,"San Benito County, California",1799,1838,3637,714,1245,1959,53.86,8555,8025,16580,330,597,927,5.591073583
6071,"San Bernardino County, California",75030,77687,152717,42109,50508,92617,60.65,291448,259332,550780,21773,23072,44845,8.1420894
6073,"San Diego County, California",124724,137916,262640,68442,92048,160490,61.11,506338,445292,951630,38609,46926,85535,8.988262245
6075,"San Francisco County, California",46315,47446,93761,36437,40967,77404,82.55,139737,132518,272255,21070,33164,54234,19.92029531
6077,"San Joaquin County, California",22990,24083,47073,12294,15522,27816,59.09,104758,92592,197350,7136,8075,15211,7.707626045
6079,"San Luis Obispo County, California",7440,8878,16318,3547,5990,9537,58.44,53999,48748,102747,2751,3510,6261,6.093608573
6081,"San Mateo County, California",23952,25576,49528,14848,19195,34043,68.73,136534,117250,253784,12363,12939,25302,9.969895659
6083,"Santa Barbara County, California",13599,15970,29569,7371,10770,18141,61.35,70581,62019,132600,4693,6195,10888,8.211161388
6085,"Santa Clara County, California",64955,71633,136588,36707,53074,89781,65.73,287711,260180,547891,22253,25246,47499,8.669425123
6087,"Santa Cruz County, California",7739,8565,16304,4846,6318,11164,68.47,46913,42412,89325,3681,5156,8837,9.893087042
6089,"Shasta County, California",5354,5457,10811,2574,3629,6203,57.38,38223,33713,71936,1761,2613,4374,6.080404804
6091,"Sierra County, California",63,36,99,0,36,36,36.36,877,811,1688,28,146,174,10.30805687
6093,"Siskiyou County, California",1062,1054,2116,528,670,1198,56.62,10697,9932,20629,532,768,1300,6.301808134
6095,"Solano County, California",14444,15490,29934,7576,9765,17341,57.93,73669,65236,138905,5109,5788,10897,7.844929988
6097,"Sonoma County, California",15166,16606,31772,8836,12207,21043,66.23,99418,84649,184067,7997,9469,17466,9.488936094
6099,"Stanislaus County, California",18448,18703,37151,9582,12299,21881,58.90,79985,69953,149938,4985,5643,10628,7.088263149
6101,"Sutter County, California",3200,3309,6509,1105,1998,3103,47.67,15732,13936,29668,617,818,1435,4.836861265
6103,"Tehama County, California",1919,1949,3868,802,1149,1951,50.44,12434,11364,23798,566,964,1530,6.42911169
6105,"Trinity County, California",218,335,553,124,166,290,52.44,3305,3449,6754,113,225,338,5.004441812
6107,"Tulare County, California",15704,16340,32044,7117,9724,16841,52.56,59275,53512,112787,3965,4141,8106,7.186998502
6109,"Tuolumne County, California",1312,1854,3166,571,1083,1654,52.24,13233,12553,25786,546,994,1540,5.972232995
6111,"Ventura County, California",26166,28454,54620,14620,19709,34329,62.85,142063,125754,267817,8939,9199,18138,6.772534977
6113,"Yolo County, California",6949,7235,14184,3813,5019,8832,62.27,29528,25521,55049,1745,1658,3403,6.181765336
6115,"Yuba County, California",2805,2934,5739,1291,1381,2672,46.56,10609,9937,20546,531,898,1429,6.955125085
8001,"Adams County, Colorado",17951,18660,36611,7729,10516,18245,49.83,61393,55631,117024,3455,4884,8339,7.125888707
8003,"Alamosa County, Colorado",460,542,1002,156,327,483,48.20,2565,2270,4835,187,275,462,9.55532575
8005,"Arapahoe County, Colorado",22206,22149,44355,10662,14020,24682,55.65,97473,83616,181089,7092,7196,14288,7.890043018
8007,"Archuleta County, Colorado",245,281,526,56,119,175,33.27,3004,2896,5900,97,117,214,3.627118644
8009,"Baca County, Colorado",74,80,154,31,37,68,44.16,927,839,1766,22,33,55,3.114382786
8011,"Bent County, Colorado",67,592,659,5,312,317,48.10,964,1154,2118,20,210,230,10.85930123
8013,"Boulder County, Colorado",9382,11129,20511,5867,8017,13884,67.69,49244,44662,93906,3302,3911,7213,7.681085341
8014,"Broomfield County, Colorado",1772,2084,3856,992,1183,2175,56.41,9384,8138,17522,328,398,726,4.14336263
8015,"Chaffee County, Colorado",357,835,1192,110,650,760,63.76,4524,4146,8670,170,534,704,8.119953864
8017,"Cheyenne County, Colorado",90,56,146,37,39,76,52.05,344,356,700,12,19,31,4.428571429
8019,"Clear Creek County, Colorado",177,225,402,67,149,216,53.73,2026,2204,4230,71,209,280,6.619385343
8021,"Conejos County, Colorado",221,225,446,66,101,167,37.44,1572,1518,3090,65,123,188,6.084142395
8023,"Costilla County, Colorado",44,51,95,10,41,51,53.68,895,914,1809,117,48,165,9.12106136
8025,"Crowley County, Colorado",138,176,314,114,131,245,78.03,724,984,1708,100,208,308,18.03278689
8027,"Custer County, Colorado",30,53,83,26,36,62,74.70,1288,1450,2738,42,159,201,7.341124909
8029,"Delta County, Colorado",609,815,1424,130,363,493,34.62,7154,6732,13886,168,527,695,5.005041049
8031,"Denver County, Colorado",35458,35459,70917,23492,26952,50444,71.13,90789,79516,170305,11205,14319,25524,14.9872288
8033,"Dolores County, Colorado",19,50,69,4,31,35,50.72,417,369,786,15,21,36,4.580152672
8035,"Douglas County, Colorado",7098,6740,13838,2446,3583,6029,43.57,42838,40309,83147,1668,1356,3024,3.63693218
8037,"Eagle County, Colorado",2074,2683,4757,1012,2068,3080,64.75,6482,7003,13485,611,1004,1615,11.97626993
8039,"Elbert County, Colorado",350,381,731,128,271,399,54.58,4725,4668,9393,333,191,524,5.578622378
8041,"El Paso County, Colorado",24218,26139,50357,9036,13037,22073,43.83,99750,87437,187187,4668,5540,10208,5.453370159
8043,"Fremont County, Colorado",918,2576,3494,431,1612,2043,58.47,9390,9755,19145,196,1044,1240,6.476886916
8045,"Garfield County, Colorado",1870,2181,4051,858,1263,2121,52.36,8317,8309,16626,443,581,1024,6.159028028
8047,"Gilpin County, Colorado",152,92,244,91,77,168,68.85,1055,1168,2223,114,104,218,9.806567701
8049,"Grand County, Colorado",388,494,882,238,397,635,72.00,2650,3025,5675,58,248,306,5.392070485
8051,"Gunnison County, Colorado",445,666,1111,212,503,715,64.36,2175,2370,4545,87,209,296,6.512651265
8053,"Hinsdale County, Colorado",22,11,33,8,0,8,24.24,316,283,599,14,14,28,4.674457429
8055,"Huerfano County, Colorado",123,215,338,82,194,276,81.66,1799,1743,3542,47,179,226,6.380575946
8057,"Jackson County, Colorado",37,26,63,7,18,25,39.68,295,343,638,10,27,37,5.799373041
8059,"Jefferson County, Colorado",17001,18749,35750,8552,12565,21117,59.07,105335,93756,199091,5717,6567,12284,6.170042845
8061,"Kiowa County, Colorado",18,35,53,3,8,11,20.75,263,242,505,13,5,18,3.564356436
8063,"Kit Carson County, Colorado",204,260,464,81,108,189,40.73,1482,1515,2997,91,129,220,7.340674007
8065,"Lake County, Colorado",189,428,617,54,225,279,45.22,1147,1120,2267,70,189,259,11.42479047
8067,"La Plata County, Colorado",1791,1991,3782,1051,1365,2416,63.88,9640,9328,18968,493,803,1296,6.832560101
8069,"Larimer County, Colorado",10472,11839,22311,5367,7743,13110,58.76,53836,47845,101681,2248,3099,5347,5.258602885
8071,"Las Animas County, Colorado",373,455,828,247,289,536,64.73,3287,3142,6429,222,339,561,8.726084928
8073,"Lincoln County, Colorado",110,321,431,7,275,282,65.43,926,996,1922,32,165,197,10.24973985
8075,"Logan County, Colorado",538,898,1436,198,533,731,50.91,3991,3866,7857,144,565,709,9.023800433
8077,"Mesa County, Colorado",4782,5201,9983,1907,3009,4916,49.24,28419,25405,53824,1039,1691,2730,5.072086801
8079,"Mineral County, Colorado",11,11,22,4,9,13,59.09,295,240,535,10,12,22,4.112149533
8081,"Moffat County, Colorado",413,415,828,123,206,329,39.73,2232,2277,4509,55,143,198,4.391217565
8083,"Montezuma County, Colorado",585,782,1367,291,443,734,53.69,5603,5126,10729,307,428,735,6.850591854
8085,"Montrose County, Colorado",996,1053,2049,442,421,863,42.12,9034,8043,17077,373,365,738,4.321602155
8087,"Morgan County, Colorado",918,884,1802,310,413,723,40.12,4974,4472,9446,129,274,403,4.26635613
8089,"Otero County, Colorado",582,379,961,188,216,404,42.04,3876,3460,7336,178,223,401,5.466194111
8091,"Ouray County, Colorado",127,55,182,64,24,88,48.35,1294,1238,2532,60,140,200,7.898894155
8093,"Park County, Colorado",245,343,588,194,214,408,69.39,3575,4009,7584,153,582,735,9.691455696
8095,"Phillips County, Colorado",79,40,119,33,26,59,49.58,876,790,1666,26,17,43,2.581032413
8097,"Pitkin County, Colorado",793,881,1674,626,740,1366,81.60,3200,3640,6840,264,652,916,13.39181287
8099,"Prowers County, Colorado",353,326,679,158,248,406,59.79,2308,2063,4371,67,179,246,5.628002745
8101,"Pueblo County, Colorado",4828,4971,9799,2430,3423,5853,59.73,31242,27281,58523,1985,2188,4173,7.130529877
8103,"Rio Blanco County, Colorado",180,226,406,27,48,75,18.47,1163,1195,2358,136,120,256,10.85665818
8105,"Rio Grande County, Colorado",290,349,639,159,189,348,54.46,2350,2271,4621,99,164,263,5.691408786
8107,"Routt County, Colorado",759,1021,1780,457,882,1339,75.22,3952,4210,8162,249,439,688,8.429306543
8109,"Saguache County, Colorado",149,140,289,54,95,149,51.56,1324,1341,2665,102,101,203,7.617260788
8111,"San Juan County, Colorado",37,60,97,15,41,56,57.73,120,155,275,12,26,38,13.81818182
8113,"San Miguel County, Colorado",301,340,641,259,327,586,91.42,1154,1366,2520,59,181,240,9.523809524
8115,"Sedgwick County, Colorado",32,61,93,11,26,37,39.78,585,561,1146,41,40,81,7.068062827
8117,"Summit County, Colorado",1345,1700,3045,982,1528,2510,82.43,4201,4646,8847,228,492,720,8.138351984
8119,"Teller County, Colorado",365,544,909,112,345,457,50.28,5449,5546,10995,155,211,366,3.328785812
8121,"Washington County, Colorado",89,159,248,15,61,76,30.65,1022,984,2006,36,41,77,3.838484546
8123,"Weld County, Colorado",8996,9458,18454,3310,5015,8325,45.11,38516,36122,74638,1605,2255,3860,5.171628393
8125,"Yuma County, Colorado",348,258,606,53,108,161,26.57,1946,1664,3610,68,86,154,4.265927978
9001,"Fairfield County, Connecticut",26151,27149,53300,16233,21421,37654,70.65,172554,146889,319443,15994,13509,29503,9.235763501
9003,"Hartford County, Connecticut",28882,29346,58228,18319,22429,40748,69.98,175883,145528,321411,17746,16921,34667,10.78587852
9005,"Litchfield County, Connecticut",4317,4580,8897,2720,3644,6364,71.53,41733,37450,79183,2244,3499,5743,7.252819418
9007,"Middlesex County, Connecticut",4358,4381,8739,2821,3228,6049,69.22,35350,30865,66215,2589,3381,5970,9.016083969
9009,"New Haven County, Connecticut",29170,28396,57566,19725,22186,41911,72.81,166985,138914,305899,16421,16690,33111,10.82416092
9011,"New London County, Connecticut",8278,9595,17873,4980,6283,11263,63.02,52987,47340,100327,2723,4888,7611,7.586193148
9013,"Tolland County, Connecticut",3451,4445,7896,2170,3248,5418,68.62,26563,24719,51282,1410,1832,3242,6.321906322
9015,"Windham County, Connecticut",3427,3704,7131,2201,2853,5054,70.87,21997,19659,41656,1474,2120,3594,8.627808719
10001,"Kent County, Delaware",5676,5484,11160,3044,3278,6322,56.65,30148,25320,55468,2137,1731,3868,6.973390063
10003,"New Castle County, Delaware",19254,19103,38357,11944,14668,26612,69.38,97108,81674,178782,8694,8015,16709,9.346019174
10005,"Sussex County, Delaware",5289,5476,10765,3271,3667,6938,64.45,49187,42928,92115,3403,3456,6859,7.446127124
11001,"District of Columbia, District of Columbia",40983,34583,75566,34373,29671,64044,84.75,98219,79014,177233,25971,22796,48767,27.5157561
12001,"Alachua County, Florida",10373,10827,21200,6539,7799,14338,67.63,39336,32696,72032,3653,3617,7270,10.09273656
12003,"Baker County, Florida",787,965,1752,306,666,972,55.48,4449,4028,8477,224,315,539,6.358381503
12005,"Bay County, Florida",5906,6470,12376,2925,3972,6897,55.73,32829,29176,62005,1113,1750,2863,4.617369567
12007,"Bradford County, Florida",586,1321,1907,260,750,1010,52.96,5272,5000,10272,199,318,517,5.033099688
12009,"Brevard County, Florida",14370,14856,29226,7190,9612,16802,57.49,129895,114585,244480,5950,8265,14215,5.814381545
12011,"Broward County, Florida",60640,58880,119520,37883,44514,82397,68.94,339967,291498,631465,28702,36613,65315,10.34340779
12013,"Calhoun County, Florida",407,636,1043,240,422,662,63.47,2587,2619,5206,69,325,394,7.568190549
12015,"Charlotte County, Florida",2792,2951,5743,1562,2128,3690,64.25,51602,45546,97148,1894,2323,4217,4.340799605
12017,"Citrus County, Florida",2513,2686,5199,1316,1817,3133,60.26,42230,37507,79737,1327,1670,2997,3.758606419
12019,"Clay County, Florida",5655,5950,11605,2693,3032,5725,49.33,34125,30435,64560,1270,1366,2636,4.083023544
12021,"Collier County, Florida",7904,8811,16715,4297,5757,10054,60.15,84151,74617,158768,4575,4298,8873,5.588657664
12023,"Columbia County, Florida",2107,2220,4327,1224,1347,2571,59.42,13251,11879,25130,732,958,1690,6.725029845
12027,"DeSoto County, Florida",841,1575,2416,224,1089,1313,54.35,6230,6701,12931,427,680,1107,8.560822829
12029,"Dixie County, Florida",359,397,756,204,218,422,55.82,3473,3701,7174,87,210,297,4.139949819
12031,"Duval County, Florida",35926,35629,71555,20705,24541,45246,63.23,150661,124614,275275,10906,10979,21885,7.950231587
12033,"Escambia County, Florida",10599,11511,22110,5790,7695,13485,60.99,57539,48791,106330,3445,3701,7146,6.720586852
12035,"Flagler County, Florida",2180,1854,4034,1159,1183,2342,58.06,25685,22377,48062,972,1294,2266,4.714743456
12037,"Franklin County, Florida",270,687,957,149,566,715,74.71,2331,2348,4679,68,120,188,4.017952554
12039,"Gadsden County, Florida",1331,1551,2882,970,1074,2044,70.92,8958,8188,17146,1090,999,2089,12.18359967
12041,"Gilchrist County, Florida",482,426,908,120,291,411,45.26,3472,3156,6628,136,262,398,6.004828002
12043,"Glades County, Florida",334,532,866,196,358,554,63.97,2716,2923,5639,149,488,637,11.29632914
12045,"Gulf County, Florida",294,786,1080,132,596,728,67.41,2905,3212,6117,117,396,513,8.386463953
12047,"Hamilton County, Florida",262,408,670,174,353,527,78.66,2504,2697,5201,121,333,454,8.72909056
12049,"Hardee County, Florida",774,1371,2145,356,901,1257,58.60,3912,4244,8156,238,509,747,9.158901422
12051,"Hendry County, Florida",1081,1609,2690,405,1276,1681,62.49,5293,5474,10767,481,522,1003,9.315501068
12053,"Hernando County, Florida",4037,3853,7890,2119,2451,4570,57.92,44706,38464,83170,1705,2140,3845,4.6230612
12055,"Highlands County, Florida",2123,2273,4396,880,1180,2060,46.86,27498,24079,51577,1450,1450,2900,5.622661264
12057,"Hillsborough County, Florida",48620,47155,95775,29419,33002,62421,65.17,213390,183251,396641,15706,16878,32584,8.214985339
12059,"Holmes County, Florida",519,754,1273,273,526,799,62.77,3917,3738,7655,54,279,333,4.350097975
12061,"Indian River County, Florida",3164,3148,6312,1858,2154,4012,63.56,38420,32504,70924,1594,2370,3964,5.58908127
12063,"Jackson County, Florida",1175,2026,3201,600,1550,2150,67.17,9340,9122,18462,524,1018,1542,8.352291193
12065,"Jefferson County, Florida",305,548,853,206,436,642,75.26,3176,2935,6111,155,198,353,5.776468663
12067,"Lafayette County, Florida",202,432,634,25,293,318,50.16,1276,1383,2659,57,127,184,6.919894697
12069,"Lake County, Florida",7660,7296,14956,3993,4430,8423,56.32,73522,63907,137429,3057,3978,7035,5.119006905
12071,"Lee County, Florida",17160,17593,34753,9813,12811,22624,65.10,155736,139722,295458,7177,9116,16293,5.514489369
12073,"Leon County, Florida",10999,11074,22073,7153,8141,15294,69.29,42051,34631,76682,3170,3002,6172,8.048825018
12075,"Levy County, Florida",1064,822,1886,549,443,992,52.60,9286,8648,17934,473,506,979,5.458904873
12077,"Liberty County, Florida",203,473,676,3,287,290,42.90,1128,1359,2487,50,181,231,9.288299156
12079,"Madison County, Florida",494,798,1292,246,532,778,60.22,3809,3480,7289,271,338,609,8.355055563
12081,"Manatee County, Florida",8559,8449,17008,4991,5599,10590,62.26,82001,70749,152750,3791,4660,8451,5.532569558
12083,"Marion County, Florida",8632,8319,16951,4758,5341,10099,59.58,85304,73141,158445,3739,4298,8037,5.072422607
12085,"Martin County, Florida",2901,3790,6691,1675,2965,4640,69.35,40436,35605,76041,1714,2286,4000,5.26032009
12086,"Miami-Dade County, Florida",92243,93003,185246,58563,70629,129192,69.74,474344,384120,858464,54616,48464,103080,12.00749245
12087,"Monroe County, Florida",2081,2285,4366,1237,1653,2890,66.19,15934,17924,33858,1138,2691,3829,11.3089964
12089,"Nassau County, Florida",1791,1955,3746,542,1036,1578,42.12,15946,14831,30777,431,770,1201,3.902264678
12091,"Okaloosa County, Florida",6994,8305,15299,2781,4724,7505,49.06,34050,30463,64513,1103,1863,2966,4.59752298
12093,"Okeechobee County, Florida",1026,1513,2539,547,1111,1658,65.30,7104,7139,14243,268,643,911,6.396124412
12095,"Orange County, Florida",50517,51160,101677,30660,37251,67911,66.79,177744,153037,330781,14249,15435,29684,8.973913254
12097,"Osceola County, Florida",9700,9930,19630,5161,6621,11782,60.02,45697,39378,85075,2484,2735,5219,6.134587129
12099,"Palm Beach County, Florida",38320,40354,78674,24476,31306,55782,70.90,308357,257907,566264,21072,22764,43836,7.741265558
12101,"Pasco County, Florida",12079,11621,23700,5809,7505,13314,56.18,105844,92103,197947,5149,6305,11454,5.786397369
12103,"Pinellas County, Florida",26266,25603,51869,16434,18892,35326,68.11,227794,191408,419202,15653,19968,35621,8.497335413
12105,"Polk County, Florida",18660,18544,37204,9770,12340,22110,59.43,124163,108785,232948,6967,8023,14990,6.434912513
12107,"Putnam County, Florida",1911,2022,3933,952,1439,2391,60.79,16249,14815,31064,964,829,1793,5.771954674
12109,"St. Johns County, Florida",5072,4569,9641,2592,3065,5657,58.68,42141,37441,79582,1975,2166,4141,5.203437963
12111,"St. Lucie County, Florida",7605,7615,15220,4399,5380,9779,64.25,62204,55193,117397,3305,3954,7259,6.183292588
12113,"Santa Rosa County, Florida",4619,5907,10526,1934,3638,5572,52.94,27869,26297,54166,852,1263,2115,3.904663442
12115,"Sarasota County, Florida",7647,8045,15692,4385,5749,10134,64.58,115216,96980,212196,5799,7617,13416,6.322456597
12117,"Seminole County, Florida",14782,15124,29906,9057,11085,20142,67.35,79032,66289,145321,4771,5657,10428,7.175838317
12119,"Sumter County, Florida",1098,1897,2995,480,1171,1651,55.13,38719,35119,73838,879,1277,2156,2.91990574
12121,"Suwannee County, Florida",1145,1570,2715,640,970,1610,59.30,8937,8072,17009,245,597,842,4.950320419
12123,"Taylor County, Florida",462,1275,1737,197,954,1151,66.26,4330,4384,8714,176,409,585,6.713334863
12125,"Union County, Florida",317,854,1171,120,611,731,62.43,1621,3842,5463,30,860,890,16.29141497
12127,"Volusia County, Florida",13269,14021,27290,7409,9895,17304,63.41,119255,102961,222216,6361,8051,14412,6.485581596
12129,"Wakulla County, Florida",786,1371,2157,281,1029,1310,60.73,4959,5393,10352,217,319,536,5.177743431
12131,"Walton County, Florida",1614,2000,3614,530,1353,1883,52.10,12205,11264,23469,442,817,1259,5.364523414
12133,"Washington County, Florida",554,978,1532,252,665,917,59.86,4576,4458,9034,152,321,473,5.235775957
13001,"Appling County, Georgia",597,523,1120,313,256,569,50.80,3288,3018,6306,51,237,288,4.567078972
13003,"Atkinson County, Georgia",268,254,522,129,141,270,51.72,1202,1150,2352,49,103,152,6.462585034
13005,"Bacon County, Georgia",315,335,650,135,159,294,45.23,1971,1799,3770,175,98,273,7.24137931
13007,"Baker County, Georgia",81,68,149,24,41,65,43.62,692,682,1374,64,42,106,7.714701601
13009,"Baldwin County, Georgia",1334,1412,2746,865,1001,1866,67.95,7479,7186,14665,781,756,1537,10.48073645
13011,"Banks County, Georgia",443,439,882,54,209,263,29.82,3149,3073,6222,52,103,155,2.491160399
13013,"Barrow County, Georgia",2687,2521,5208,904,1447,2351,45.14,10525,8852,19377,651,698,1349,6.961862001
13015,"Bartow County, Georgia",3222,3084,6306,1278,1892,3170,50.27,16263,14457,30720,629,608,1237,4.026692708
13017,"Ben Hill County, Georgia",493,460,953,315,259,574,60.23,3321,2713,6034,466,434,900,14.91547895
13019,"Berrien County, Georgia",659,608,1267,269,199,468,36.94,3481,3106,6587,242,314,556,8.440868377
13021,"Bibb County, Georgia",5601,5167,10768,3464,3766,7230,67.14,28294,21926,50220,3128,2950,6078,12.10274791
13023,"Bleckley County, Georgia",201,264,465,93,145,238,51.18,2356,1965,4321,82,253,335,7.752834992
13025,"Brantley County, Georgia",503,517,1020,128,107,235,23.04,3278,3014,6292,111,67,178,2.828989193
13027,"Brooks County, Georgia",397,366,763,208,221,429,56.23,3392,2830,6222,211,205,416,6.68595307
13029,"Bryan County, Georgia",1171,939,2110,608,327,935,44.31,4607,4205,8812,206,158,364,4.130730822
13031,"Bulloch County, Georgia",2451,2854,5305,1336,1835,3171,59.77,9206,7977,17183,708,654,1362,7.926438922
13033,"Burke County, Georgia",746,644,1390,387,373,760,54.68,4144,3551,7695,513,577,1090,14.16504224
13035,"Butts County, Georgia",593,946,1539,249,543,792,51.46,4082,3658,7740,296,372,668,8.630490956
13037,"Calhoun County, Georgia",72,293,365,54,250,304,83.29,1027,1048,2075,87,236,323,15.56626506
13039,"Camden County, Georgia",1931,2396,4327,418,856,1274,29.44,7389,6665,14054,282,223,505,3.593283051
13043,"Candler County, Georgia",370,260,630,158,97,255,40.48,2018,1858,3876,78,194,272,7.01754386
13045,"Carroll County, Georgia",3553,3734,7287,1446,2080,3526,48.39,17534,14846,32380,833,990,1823,5.63001853
13047,"Catoosa County, Georgia",1980,1773,3753,643,819,1462,38.96,12190,9965,22155,376,480,856,3.863687655
13049,"Charlton County, Georgia",451,634,1085,254,416,670,61.75,1965,2186,4151,115,140,255,6.143098049
13051,"Chatham County, Georgia",12094,12219,24313,8025,8405,16430,67.58,47014,38055,85069,3955,4141,8096,9.516980334
13053,"Chattahoochee County, Georgia",467,1262,1729,61,402,463,26.78,544,613,1157,53,54,107,9.248055315
13055,"Chattooga County, Georgia",651,743,1394,264,465,729,52.30,4772,4301,9073,184,384,568,6.260332856
13057,"Cherokee County, Georgia",6250,6264,12514,2142,3515,5657,45.21,34491,30782,65273,1192,1457,2649,4.058339589
13059,"Clarke County, Georgia",5713,5635,11348,3684,4287,7971,70.24,14568,11347,25915,1525,1669,3194,12.32490835
13061,"Clay County, Georgia",88,70,158,54,35,89,56.33,605,586,1191,66,67,133,11.16708648
13063,"Clayton County, Georgia",10449,9509,19958,7024,7062,14086,70.58,35621,28102,63723,4017,2496,6513,10.2207994
13065,"Clinch County, Georgia",283,295,578,148,210,358,61.94,1261,1052,2313,107,51,158,6.830955469
13067,"Cobb County, Georgia",25276,24675,49951,14332,16440,30772,61.60,108403,92425,200828,7503,5739,13242,6.593702073
13069,"Coffee County, Georgia",1173,1498,2671,543,855,1398,52.34,6771,5942,12713,464,634,1098,8.636828443
13071,"Colquitt County, Georgia",1480,1687,3167,549,993,1542,48.69,7605,6394,13999,356,384,740,5.286091864
13073,"Columbia County, Georgia",4312,3932,8244,1670,2009,3679,44.63,21432,18952,40384,1060,1068,2128,5.269413629
13075,"Cook County, Georgia",651,565,1216,302,344,646,53.13,2973,2530,5503,294,161,455,8.268217336
13077,"Coweta County, Georgia",4055,3761,7816,2025,2019,4044,51.74,21136,18853,39989,984,677,1661,4.153642252
13079,"Crawford County, Georgia",274,373,647,122,281,403,62.29,2459,2360,4819,106,231,337,6.993152106
13081,"Crisp County, Georgia",893,684,1577,472,526,998,63.28,4533,3705,8238,311,275,586,7.113377033
13083,"Dade County, Georgia",435,430,865,132,153,285,32.95,3229,2868,6097,110,131,241,3.952763654
13085,"Dawson County, Georgia",640,668,1308,357,364,721,55.12,4441,4188,8629,147,186,333,3.859079847
13087,"Decatur County, Georgia",865,809,1674,540,553,1093,65.29,5218,4207,9425,503,321,824,8.74270557
13089,"DeKalb County, Georgia",31015,28452,59467,21173,21514,42687,71.78,109973,84815,194788,15146,11611,26757,13.73647247
13091,"Dodge County, Georgia",552,753,1305,223,470,693,53.10,3912,3495,7407,287,393,680,9.180504928
13093,"Dooly County, Georgia",246,562,808,181,445,626,77.48,2651,2614,5265,255,292,547,10.38936372
13095,"Dougherty County, Georgia",3491,2977,6468,2169,2132,4301,66.50,16707,12565,29272,1930,1350,3280,11.20524734
13097,"Douglas County, Georgia",4098,3819,7917,2074,2404,4478,56.56,19902,17003,36905,1208,1077,2285,6.191572958
13099,"Early County, Georgia",261,284,545,151,223,374,68.62,2226,1751,3977,170,191,361,9.077193865
13101,"Echols County, Georgia",202,144,346,75,73,148,42.77,510,524,1034,11,87,98,9.477756286
13103,"Effingham County, Georgia",1626,1567,3193,321,893,1214,38.02,8077,7270,15347,208,355,563,3.668469408
13105,"Elbert County, Georgia",546,499,1045,156,272,428,40.96,4176,3458,7634,322,262,584,7.649986901
13107,"Emanuel County, Georgia",685,815,1500,345,542,887,59.13,4235,3441,7676,345,340,685,8.923918708
13109,"Evans County, Georgia",395,280,675,188,70,258,38.22,1893,1548,3441,45,153,198,5.754141238
13111,"Fannin County, Georgia",556,510,1066,208,340,548,51.41,6095,5593,11688,157,321,478,4.089664613
13113,"Fayette County, Georgia",2016,2023,4039,1117,1313,2430,60.16,21680,19315,40995,596,535,1131,2.758873033
13115,"Floyd County, Georgia",2899,3002,5901,1365,1496,2861,48.48,17705,14976,32681,877,1177,2054,6.284997399
13117,"Forsyth County, Georgia",3891,3625,7516,1588,2290,3878,51.60,26992,24955,51947,1002,879,1881,3.620998325
13119,"Franklin County, Georgia",631,653,1284,185,321,506,39.41,4527,3918,8445,245,74,319,3.777383067
13121,"Fulton County, Georgia",41529,39749,81278,28439,30816,59255,72.90,142737,118578,261315,17367,19237,36604,14.00761533
13123,"Gilmer County, Georgia",765,684,1449,275,410,685,47.27,6200,5942,12142,176,257,433,3.56613408
13125,"Glascock County, Georgia",71,60,131,18,34,52,39.69,623,519,1142,18,21,39,3.415061296
13127,"Glynn County, Georgia",2690,2359,5049,1361,1462,2823,55.91,16526,13424,29950,907,925,1832,6.116861436
13129,"Gordon County, Georgia",1628,1738,3366,472,748,1220,36.24,9255,7965,17220,492,191,683,3.966318235
13131,"Grady County, Georgia",825,862,1687,375,585,960,56.91,4682,4128,8810,515,373,888,10.07945516
13133,"Greene County, Georgia",380,448,828,177,334,511,61.71,3995,3619,7614,285,265,550,7.223535592
13135,"Gwinnett County, Georgia",27398,27878,55276,14616,18729,33345,60.32,112963,98549,211512,6849,5392,12241,5.787378494
13137,"Habersham County, Georgia",1319,1188,2507,591,547,1138,45.39,8294,7168,15462,525,675,1200,7.760962359
13139,"Hall County, Georgia",5844,6277,12121,2868,3500,6368,52.54,29216,25761,54977,1306,1462,2768,5.034832748
13141,"Hancock County, Georgia",137,393,530,72,220,292,55.09,1873,1770,3643,192,469,661,18.14438649
13143,"Haralson County, Georgia",817,890,1707,179,321,500,29.29,5215,4488,9703,144,229,373,3.844171906
13145,"Harris County, Georgia",632,694,1326,205,470,675,50.90,6491,6048,12539,283,331,614,4.896722227
13147,"Hart County, Georgia",613,705,1318,140,396,536,40.67,5513,4775,10288,306,260,566,5.50155521
13149,"Heard County, Georgia",323,394,717,53,152,205,28.59,2157,1981,4138,140,93,233,5.630739488
13151,"Henry County, Georgia",6041,5526,11567,3058,3261,6319,54.63,30457,26138,56595,1787,1260,3047,5.383867833
13153,"Houston County, Georgia",5494,5380,10874,2760,2893,5653,51.99,22856,19597,42453,991,1256,2247,5.292912162
13155,"Irwin County, Georgia",307,367,674,116,232,348,51.63,1821,1463,3284,147,173,320,9.744214373
13157,"Jackson County, Georgia",1837,1733,3570,445,821,1266,35.46,10144,8776,18920,420,578,998,5.274841438
13159,"Jasper County, Georgia",428,347,775,203,169,372,48.00,2561,2237,4798,108,203,311,6.481867445
13161,"Jeff Davis County, Georgia",400,476,876,158,232,390,44.52,2599,2291,4890,50,166,216,4.417177914
13163,"Jefferson County, Georgia",463,389,852,305,310,615,72.18,3354,2613,5967,392,229,621,10.40723982
13165,"Jenkins County, Georgia",167,416,583,30,345,375,64.32,2010,1435,3445,156,137,293,8.505079826
13167,"Johnson County, Georgia",229,294,523,160,160,320,61.19,1716,1824,3540,188,227,415,11.72316384
13169,"Jones County, Georgia",785,729,1514,282,470,752,49.67,5450,4602,10052,363,314,677,6.734978114
13171,"Lamar County, Georgia",533,408,941,205,243,448,47.61,3398,2947,6345,383,229,612,9.645390071
13173,"Lanier County, Georgia",463,506,969,199,229,428,44.17,1660,1431,3091,130,86,216,6.988029764
13175,"Laurens County, Georgia",1501,1303,2804,704,873,1577,56.24,9181,7564,16745,702,749,1451,8.665273216
13177,"Lee County, Georgia",858,854,1712,398,480,878,51.29,4282,4033,8315,178,183,361,4.341551413
13179,"Liberty County, Georgia",3231,3646,6877,942,1313,2255,32.79,7289,6037,13326,304,181,485,3.639501726
13181,"Lincoln County, Georgia",218,148,366,100,107,207,56.56,1821,1655,3476,64,100,164,4.718066743
13183,"Long County, Georgia",702,596,1298,276,156,432,33.28,1893,1896,3789,121,258,379,10.00263922
13185,"Lowndes County, Georgia",4161,4682,8843,2081,2795,4876,55.14,15716,13035,28751,779,1000,1779,6.187610866
13187,"Lumpkin County, Georgia",837,853,1690,290,480,770,45.56,5568,4919,10487,106,203,309,2.946505197
13189,"McDuffie County, Georgia",668,681,1349,469,484,953,70.64,4249,3347,7596,232,168,400,5.265929437
13191,"McIntosh County, Georgia",177,419,596,75,220,295,49.50,3272,3003,6275,221,270,491,7.824701195
13193,"Macon County, Georgia",392,671,1063,202,579,781,73.47,2623,2392,5015,454,413,867,17.28813559
13195,"Madison County, Georgia",822,891,1713,372,587,959,55.98,5267,4802,10069,219,264,483,4.79690138
13197,"Marion County, Georgia",205,278,483,179,237,416,86.13,1684,1709,3393,108,181,289,8.517536104
13199,"Meriwether County, Georgia",646,552,1198,256,187,443,36.98,4672,3798,8470,344,390,734,8.665879575
13201,"Miller County, Georgia",178,144,322,86,83,169,52.48,1302,1013,2315,109,101,210,9.071274298
13205,"Mitchell County, Georgia",628,934,1562,250,635,885,56.66,4153,3551,7704,273,538,811,10.52699896
13207,"Monroe County, Georgia",679,777,1456,377,410,787,54.05,5294,4911,10205,341,330,671,6.575208231
13209,"Montgomery County, Georgia",277,261,538,152,152,304,56.51,1652,1413,3065,130,188,318,10.37520392
13211,"Morgan County, Georgia",393,466,859,183,173,356,41.44,3673,3260,6933,297,281,578,8.336939276
13213,"Murray County, Georgia",1356,1175,2531,422,619,1041,41.13,6202,5881,12083,231,255,486,4.022179922
13215,"Muscogee County, Georgia",8094,8664,16758,4285,5083,9368,55.90,32361,25169,57530,2548,2877,5425,9.42986268
13217,"Newton County, Georgia",3042,2777,5819,1250,1646,2896,49.77,15758,12902,28660,1138,1037,2175,7.58897418
13219,"Oconee County, Georgia",662,730,1392,270,421,691,49.64,5894,5350,11244,224,119,343,3.050515831
13221,"Oglethorpe County, Georgia",423,429,852,154,226,380,44.60,2912,2631,5543,100,245,345,6.22406639
13223,"Paulding County, Georgia",4349,4145,8494,1449,1969,3418,40.24,19026,16899,35925,711,648,1359,3.782881002
13225,"Peach County, Georgia",773,760,1533,453,523,976,63.67,4596,3921,8517,310,212,522,6.128918633
13227,"Pickens County, Georgia",722,699,1421,126,176,302,21.25,6414,5893,12307,211,230,441,3.583326562
13229,"Pierce County, Georgia",501,519,1020,148,294,442,43.33,3348,3065,6413,32,284,316,4.927491034
13231,"Pike County, Georgia",461,413,874,176,236,412,47.14,3054,2835,5889,128,140,268,4.550857531
13233,"Polk County, Georgia",1377,1433,2810,598,918,1516,53.95,7239,6009,13248,330,270,600,4.528985507
13235,"Pulaski County, Georgia",608,295,903,488,229,717,79.40,2474,1969,4443,211,114,325,7.314877335
13237,"Putnam County, Georgia",703,626,1329,441,432,873,65.69,4699,4426,9125,252,340,592,6.487671233
13239,"Quitman County, Georgia",50,40,90,21,40,61,67.78,575,443,1018,48,12,60,5.893909627
13241,"Rabun County, Georgia",412,379,791,88,182,270,34.13,3982,3556,7538,82,201,283,3.754311488
13243,"Randolph County, Georgia",231,133,364,212,107,319,87.64,1671,1288,2959,252,119,371,12.5380196
13245,"Richmond County, Georgia",8777,8657,17434,5855,5679,11534,66.16,34101,27259,61360,3406,3882,7288,11.87744459
13247,"Rockdale County, Georgia",2530,2354,4884,1460,1521,2981,61.04,14983,12431,27414,987,850,1837,6.700955716
13249,"Schley County, Georgia",85,78,163,23,25,48,29.45,916,840,1756,41,59,100,5.69476082
13251,"Screven County, Georgia",405,381,786,283,254,537,68.32,2905,2474,5379,157,331,488,9.072318275
13253,"Seminole County, Georgia",153,208,361,44,185,229,63.43,2012,1686,3698,189,202,391,10.57328286
13255,"Spalding County, Georgia",2056,2063,4119,1053,1302,2355,57.17,11963,9783,21746,910,775,1685,7.748551458
13257,"Stephens County, Georgia",626,669,1295,106,386,492,37.99,5310,4474,9784,314,376,690,7.052330335
13259,"Stewart County, Georgia",124,347,471,114,310,424,90.02,1054,1047,2101,128,292,420,19.99048072
13261,"Sumter County, Georgia",1003,1006,2009,651,706,1357,67.55,5562,4561,10123,636,618,1254,12.38763212
13263,"Talbot County, Georgia",136,120,256,88,86,174,67.97,1612,1389,3001,118,86,204,6.797734089
13265,"Taliaferro County, Georgia",46,39,85,22,27,49,57.65,407,356,763,64,78,142,18.61074705
13267,"Tattnall County, Georgia",630,1320,1950,243,861,1104,56.62,3763,3860,7623,158,382,540,7.083825266
13269,"Taylor County, Georgia",221,172,393,83,61,144,36.64,1813,1439,3252,251,112,363,11.16236162
13271,"Telfair County, Georgia",388,869,1257,95,564,659,52.43,2861,2787,5648,317,429,746,13.2082153
13273,"Terrell County, Georgia",251,234,485,174,167,341,70.31,1956,1535,3491,193,183,376,10.77055285
13275,"Thomas County, Georgia",1474,1233,2707,746,756,1502,55.49,9082,7259,16341,742,829,1571,9.613854721
13277,"Tift County, Georgia",1343,1270,2613,766,928,1694,64.83,6998,5614,12612,808,905,1713,13.58230257
13279,"Toombs County, Georgia",883,732,1615,525,299,824,51.02,4882,4063,8945,356,296,652,7.288988262
13281,"Towns County, Georgia",201,180,381,64,83,147,38.58,2968,2567,5535,139,132,271,4.896115628
13283,"Treutlen County, Georgia",213,138,351,111,95,206,58.69,1360,1126,2486,58,116,174,6.999195495
13285,"Troup County, Georgia",2263,1991,4254,1099,1201,2300,54.07,11970,10014,21984,856,893,1749,7.955786026
13287,"Turner County, Georgia",278,209,487,241,169,410,84.19,1596,1416,3012,87,235,322,10.69057105
13289,"Twiggs County, Georgia",201,156,357,118,120,238,66.67,1964,1768,3732,189,218,407,10.9056806
13291,"Union County, Georgia",366,380,746,186,238,424,56.84,5986,5289,11275,141,311,452,4.00886918
13293,"Upson County, Georgia",705,722,1427,400,495,895,62.72,5686,4535,10221,404,500,904,8.84453576
13295,"Walker County, Georgia",1915,1984,3899,572,1103,1675,42.96,13584,11582,25166,509,659,1168,4.641182548
13297,"Walton County, Georgia",2426,2311,4737,834,1228,2062,43.53,14537,12759,27296,744,910,1654,6.059495897
13299,"Ware County, Georgia",1085,1228,2313,705,862,1567,67.75,6971,5658,12629,433,376,809,6.405891203
13301,"Warren County, Georgia",113,109,222,51,103,154,69.37,1335,1041,2376,158,176,334,14.05723906
13303,"Washington County, Georgia",596,716,1312,394,547,941,71.72,4082,3379,7461,381,382,763,10.22651119
13305,"Wayne County, Georgia",1043,1059,2102,446,671,1117,53.14,5142,4733,9875,152,314,466,4.718987342
13307,"Webster County, Georgia",31,86,117,25,65,90,76.92,637,575,1212,93,52,145,11.96369637
13309,"Wheeler County, Georgia",159,879,1038,81,579,660,63.58,1003,1420,2423,72,200,272,11.2257532
13311,"White County, Georgia",638,768,1406,126,270,396,28.17,6065,5316,11381,174,132,306,2.688691679
13313,"Whitfield County, Georgia",3274,3561,6835,1204,1893,3097,45.31,15884,13988,29872,517,694,1211,4.053963578
13315,"Wilcox County, Georgia",197,493,690,114,375,489,70.87,1512,1625,3137,108,210,318,10.13707364
13317,"Wilkes County, Georgia",267,272,539,98,242,340,63.08,2370,1827,4197,93,198,291,6.933523946
13319,"Wilkinson County, Georgia",264,239,503,157,129,286,56.86,1992,1657,3649,155,142,297,8.139216224
13321,"Worth County, Georgia",711,608,1319,392,368,760,57.62,4253,3652,7905,139,291,430,5.439595193
15001,"Hawaii County, Hawaii",5653,6001,11654,3361,4306,7667,65.79,38116,36470,74586,3011,5313,8324,11.16027136
15003,"Honolulu County, Hawaii",35453,42498,77951,18133,26023,44156,56.65,174457,152682,327139,16552,19657,36209,11.06838378
15005,"Kalawao County, Hawaii",0,0,0,0,0,0,0.00,24,18,42,0,4,4,9.523809524
15007,"Kauai County, Hawaii",1992,2188,4180,1220,1557,2777,66.44,13903,12895,26798,1277,1633,2910,10.85901933
15009,"Maui County, Hawaii",4960,5350,10310,3089,3879,6968,67.58,29448,27666,57114,1781,3123,4904,8.5863361
16001,"Ada County, Idaho",14350,15371,29721,6409,8747,15156,50.99,63969,58079,122048,2254,4334,6588,5.397876245
16003,"Adams County, Idaho",49,42,91,9,34,43,47.25,1006,1081,2087,34,45,79,3.785337805
16005,"Bannock County, Idaho",3311,3504,6815,1238,1595,2833,41.57,12775,11664,24439,464,691,1155,4.726052621
16007,"Bear Lake County, Idaho",143,135,278,10,29,39,14.03,1191,1165,2356,48,79,127,5.39049236
16009,"Benewah County, Idaho",191,192,383,41,70,111,28.98,1994,2014,4008,54,166,220,5.489021956
16011,"Bingham County, Idaho",1427,1318,2745,354,504,858,31.26,6869,6628,13497,138,261,399,2.956212492
16013,"Blaine County, Idaho",546,577,1123,96,251,347,30.90,4007,4105,8112,81,280,361,4.450197239
16015,"Boise County, Idaho",84,105,189,46,61,107,56.61,1646,1878,3524,19,96,115,3.263337117
16017,"Bonner County, Idaho",951,925,1876,453,626,1079,57.52,9520,9173,18693,267,483,750,4.012197079
16019,"Bonneville County, Idaho",3797,3669,7466,833,1422,2255,30.20,15793,14428,30221,571,721,1292,4.275172893
16021,"Boundary County, Idaho",228,227,455,36,130,166,36.48,2287,2376,4663,99,212,311,6.669526056
16023,"Butte County, Idaho",35,78,113,0,56,56,49.56,552,593,1145,21,6,27,2.358078603
16025,"Camas County, Idaho",31,2,33,7,0,7,21.21,214,287,501,0,24,24,4.790419162
16027,"Canyon County, Idaho",6584,6140,12724,2220,2509,4729,37.17,28415,25617,54032,1212,1067,2279,4.217870891
16029,"Caribou County, Idaho",176,190,366,31,53,84,22.95,1267,1208,2475,13,20,33,1.333333333
16031,"Cassia County, Idaho",699,687,1386,196,271,467,33.69,3554,3418,6972,81,221,302,4.331612163
16033,"Clark County, Idaho",18,29,47,8,11,19,40.43,120,115,235,0,3,3,1.276595745
16035,"Clearwater County, Idaho",132,270,402,23,220,243,60.45,2082,2230,4312,20,117,137,3.177179963
16037,"Custer County, Idaho",114,65,179,37,20,57,31.84,1035,1054,2089,12,57,69,3.303015797
16039,"Elmore County, Idaho",1032,1287,2319,192,541,733,31.61,3681,3503,7184,113,269,382,5.317371938
16041,"Franklin County, Idaho",295,319,614,46,147,193,31.43,1911,1816,3727,31,11,42,1.126911725
16043,"Fremont County, Idaho",418,419,837,53,165,218,26.05,2093,2142,4235,30,78,108,2.550177096
16045,"Gem County, Idaho",373,432,805,139,192,331,41.12,3594,3422,7016,143,187,330,4.703534778
16047,"Gooding County, Idaho",394,471,865,103,213,316,36.53,2567,2486,5053,50,103,153,3.027904215
16049,"Idaho County, Idaho",323,454,777,86,239,325,41.83,3862,4006,7868,209,184,393,4.994916116
16051,"Jefferson County, Idaho",809,803,1612,205,268,473,29.34,3577,3445,7022,48,153,201,2.862432355
16053,"Jerome County, Idaho",742,788,1530,157,244,401,26.21,3322,3214,6536,89,216,305,4.666462668
16055,"Kootenai County, Idaho",4434,4162,8596,1461,2191,3652,42.48,27302,24593,51895,537,1035,1572,3.029193564
16057,"Latah County, Idaho",1389,1657,3046,451,1061,1512,49.64,5340,4913,10253,217,307,524,5.110699308
16059,"Lemhi County, Idaho",203,257,460,99,136,235,51.09,1990,2024,4014,65,143,208,5.181863478
16061,"Lewis County, Idaho",80,83,163,28,53,81,49.69,952,886,1838,21,44,65,3.536452666
16063,"Lincoln County, Idaho",148,132,280,50,11,61,21.79,747,795,1542,43,26,69,4.474708171
16065,"Madison County, Idaho",1592,2572,4164,325,799,1124,26.99,2954,2684,5638,142,67,209,3.706988294
16067,"Minidoka County, Idaho",566,617,1183,125,339,464,39.22,3463,3402,6865,71,186,257,3.743627094
16069,"Nez Perce County, Idaho",1254,1296,2550,492,674,1166,45.73,8200,7288,15488,235,447,682,4.403409091
16071,"Oneida County, Idaho",79,104,183,4,31,35,19.13,826,842,1668,11,35,46,2.757793765
16073,"Owyhee County, Idaho",291,314,605,73,168,241,39.83,1945,1947,3892,112,172,284,7.297019527
16075,"Payette County, Idaho",592,558,1150,177,269,446,38.78,4012,3795,7807,181,112,293,3.753042142
16077,"Power County, Idaho",180,267,447,60,120,180,40.27,1275,1276,2551,4,64,68,2.665621325
16079,"Shoshone County, Idaho",290,320,610,122,164,286,46.89,2930,2819,5749,76,198,274,4.766046269
16081,"Teton County, Idaho",312,317,629,73,183,256,40.70,1194,1229,2423,90,98,188,7.758976475
16083,"Twin Falls County, Idaho",2744,2703,5447,857,1099,1956,35.91,13492,11979,25471,471,638,1109,4.353971183
16085,"Valley County, Idaho",77,196,273,46,140,186,68.13,2214,2360,4574,28,232,260,5.68430258
16087,"Washington County, Idaho",190,230,420,37,94,131,31.19,2234,2147,4381,39,103,142,3.241269117
17001,"Adams County, Illinois",2106,1951,4057,944,1221,2165,53.36,13904,11943,25847,711,755,1466,5.671838124
17003,"Alexander County, Illinois",161,201,362,82,169,251,69.34,1571,1383,2954,61,184,245,8.293838863
17005,"Bond County, Illinois",444,599,1043,242,341,583,55.90,3429,3042,6471,152,345,497,7.680420337
17007,"Boone County, Illinois",1241,1370,2611,589,803,1392,53.31,8779,8251,17030,136,234,370,2.172636524
17009,"Brown County, Illinois",141,531,672,91,459,550,81.85,1023,1219,2242,83,204,287,12.80107047
17011,"Bureau County, Illinois",904,824,1728,411,458,869,50.29,7503,6586,14089,311,450,761,5.401376961
17013,"Calhoun County, Illinois",108,138,246,39,57,96,39.02,1118,1089,2207,33,54,87,3.942002719
17015,"Carroll County, Illinois",334,367,701,178,287,465,66.33,3578,3336,6914,106,183,289,4.17992479
17017,"Cass County, Illinois",384,439,823,110,248,358,43.50,2496,2298,4794,133,145,278,5.798915311
17019,"Champaign County, Illinois",8168,8703,16871,4568,6229,10797,64.00,29111,24841,53952,2262,2182,4444,8.236951364
17021,"Christian County, Illinois",891,1068,1959,388,603,991,50.59,7042,6426,13468,238,342,580,4.306504307
17023,"Clark County, Illinois",429,446,875,73,296,369,42.17,3424,2990,6414,79,116,195,3.040224509
17025,"Clay County, Illinois",335,354,689,70,190,260,37.74,2944,2575,5519,96,166,262,4.747236818
17027,"Clinton County, Illinois",1078,1463,2541,701,1094,1795,70.64,7086,6439,13525,357,513,870,6.432532348
17029,"Coles County, Illinois",1653,1822,3475,815,1123,1938,55.77,9360,7965,17325,574,664,1238,7.145743146
17031,"Cook County, Illinois",220380,214275,434655,151256,165272,316528,72.82,885868,724477,1610345,117937,112029,229966,14.28054237
17033,"Crawford County, Illinois",521,663,1184,178,395,573,48.40,4067,3670,7737,117,257,374,4.833914954
17035,"Cumberland County, Illinois",284,293,577,130,165,295,51.13,2247,2054,4301,85,89,174,4.045570797
17037,"DeKalb County, Illinois",3687,4027,7714,2063,2883,4946,64.12,14744,13030,27774,1010,855,1865,6.714913228
17039,"De Witt County, Illinois",408,455,863,187,242,429,49.71,3461,3087,6548,127,258,385,5.879657911
17041,"Douglas County, Illinois",562,611,1173,225,292,517,44.08,3824,3354,7178,152,165,317,4.416271942
17043,"DuPage County, Illinois",28979,30244,59223,16369,20676,37045,62.55,166818,144472,311290,11252,9446,20698,6.649105336
17045,"Edgar County, Illinois",494,488,982,207,190,397,40.43,4077,3516,7593,171,178,349,4.596338733
17047,"Edwards County, Illinois",148,165,313,70,100,170,54.31,1462,1243,2705,77,88,165,6.099815157
17049,"Effingham County, Illinois",1022,1087,2109,409,651,1060,50.26,6720,5825,12545,254,354,608,4.846552411
17051,"Fayette County, Illinois",588,827,1415,218,565,783,55.34,4133,3918,8051,129,414,543,6.744503788
17053,"Ford County, Illinois",325,347,672,140,212,352,52.38,3067,2623,5690,92,146,238,4.182776801
17055,"Franklin County, Illinois",1096,1064,2160,414,541,955,44.21,8425,7261,15686,321,576,897,5.718475073
17057,"Fulton County, Illinois",924,1299,2223,423,922,1345,60.50,7600,6901,14501,371,564,935,6.447831184
17059,"Gallatin County, Illinois",134,142,276,49,85,134,48.55,1283,1084,2367,35,100,135,5.703422053
17061,"Greene County, Illinois",327,402,729,87,158,245,33.61,2784,2587,5371,39,140,179,3.332712716
17063,"Grundy County, Illinois",1679,1364,3043,812,876,1688,55.47,8047,7456,15503,318,433,751,4.844223699
17065,"Hamilton County, Illinois",221,207,428,91,117,208,48.60,1841,1599,3440,66,59,125,3.63372093
17067,"Hancock County, Illinois",461,475,936,174,220,394,42.09,4362,3897,8259,174,180,354,4.2862332
17069,"Hardin County, Illinois",68,93,161,28,53,81,50.31,928,954,1882,16,95,111,5.897980871
17071,"Henderson County, Illinois",153,157,310,59,68,127,40.97,1737,1623,3360,30,56,86,2.55952381
17073,"Henry County, Illinois",1226,1214,2440,595,784,1379,56.52,10501,9445,19946,562,432,994,4.983455329
17075,"Iroquois County, Illinois",697,705,1402,347,429,776,55.35,6483,5615,12098,238,379,617,5.100016532
17077,"Jackson County, Illinois",2400,2888,5288,1406,2158,3564,67.40,9215,7847,17062,803,963,1766,10.35048646
17079,"Jasper County, Illinois",255,268,523,57,127,184,35.18,1976,1899,3875,129,46,175,4.516129032
17081,"Jefferson County, Illinois",1075,1337,2412,432,881,1313,54.44,7662,6926,14588,264,555,819,5.614203455
17083,"Jersey County, Illinois",633,591,1224,255,423,678,55.39,4650,4112,8762,164,175,339,3.868979685
17085,"Jo Daviess County, Illinois",503,500,1003,297,330,627,62.51,5487,5124,10611,264,291,555,5.230421261
17087,"Johnson County, Illinois",251,547,798,121,323,444,55.64,2478,2579,5057,69,275,344,6.802452047
17089,"Kane County, Illinois",15501,15970,31471,7797,10444,18241,57.96,79571,71614,151185,4327,4945,9272,6.132883553
17091,"Kankakee County, Illinois",3433,3373,6806,2178,2329,4507,66.22,20211,17771,37982,1536,2035,3571,9.401821916
17093,"Kendall County, Illinois",3854,3574,7428,1735,1942,3677,49.50,14483,13146,27629,683,518,1201,4.346881899
17095,"Knox County, Illinois",1272,1664,2936,751,1214,1965,66.93,11190,9863,21053,652,940,1592,7.561867667
17097,"Lake County, Illinois",18496,20040,38536,9829,13504,23333,60.55,116563,105204,221767,6497,7424,13921,6.277309068
17099,"LaSalle County, Illinois",3034,3506,6540,1685,2551,4236,64.77,22799,20646,43445,1216,1812,3028,6.969731845
17101,"Lawrence County, Illinois",175,1120,1295,55,925,980,75.68,3172,2868,6040,89,431,520,8.609271523
17103,"Lee County, Illinois",887,1200,2087,464,894,1358,65.07,6917,6672,13589,340,705,1045,7.690043417
17105,"Livingston County, Illinois",1198,1227,2425,503,756,1259,51.92,7653,6855,14508,354,538,892,6.148331955
17107,"Logan County, Illinois",906,1155,2061,464,888,1352,65.60,5861,5077,10938,270,316,586,5.357469373
17109,"McDonough County, Illinois",937,1052,1989,504,752,1256,63.15,5540,4564,10104,356,432,788,7.798891528
17111,"McHenry County, Illinois",7607,8167,15774,3681,5228,8909,56.48,51090,47281,98371,2138,2170,4308,4.379339439
17113,"McLean County, Illinois",5740,5672,11412,2900,3637,6537,57.28,25909,22313,48222,1499,1487,2986,6.192194434
17115,"Macon County, Illinois",3338,3023,6361,1786,2035,3821,60.07,22811,19446,42257,1271,1415,2686,6.356343328
17117,"Macoupin County, Illinois",1282,1338,2620,479,731,1210,46.18,9920,8850,18770,379,532,911,4.853489611
17119,"Madison County, Illinois",8941,9158,18099,4733,5806,10539,58.23,51165,44219,95384,2865,3228,6093,6.387863793
17121,"Marion County, Illinois",1105,1103,2208,455,511,966,43.75,8182,7092,15274,336,463,799,5.231111693
17123,"Marshall County, Illinois",291,274,565,125,174,299,52.92,2822,2576,5398,71,132,203,3.760652093
17125,"Mason County, Illinois",330,330,660,123,181,304,46.06,3225,2888,6113,102,157,259,4.236872239
17127,"Massac County, Illinois",421,341,762,120,172,292,38.32,3322,2841,6163,115,272,387,6.279409379
17129,"Menard County, Illinois",300,285,585,100,216,316,54.02,2694,2352,5046,160,126,286,5.667855727
17131,"Mercer County, Illinois",351,392,743,176,271,447,60.16,3520,3258,6778,140,199,339,5.001475361
17133,"Monroe County, Illinois",859,950,1809,370,646,1016,56.16,6645,5912,12557,191,347,538,4.284462849
17135,"Montgomery County, Illinois",749,1092,1841,252,679,931,50.57,6077,5548,11625,188,346,534,4.593548387
17137,"Morgan County, Illinois",973,1098,2071,456,785,1241,59.92,7305,6236,13541,444,538,982,7.252049332
17139,"Moultrie County, Illinois",431,408,839,111,198,309,36.83,3140,2621,5761,144,68,212,3.679916681
17141,"Ogle County, Illinois",1260,1297,2557,605,818,1423,55.65,10342,9514,19856,355,638,993,5.001007252
17143,"Peoria County, Illinois",6616,6510,13126,3518,4464,7982,60.81,34543,28965,63508,2996,2776,5772,9.088618757
17145,"Perry County, Illinois",530,875,1405,205,621,826,58.79,4285,3857,8142,110,396,506,6.214689266
17147,"Piatt County, Illinois",412,404,816,113,183,296,36.27,3504,3170,6674,78,189,267,4.000599341
17149,"Pike County, Illinois",427,457,884,164,243,407,46.04,3507,3055,6562,153,159,312,4.754647973
17151,"Pope County, Illinois",100,94,194,41,54,95,48.97,1074,1001,2075,34,69,103,4.963855422
17153,"Pulaski County, Illinois",147,170,317,75,109,184,58.04,1361,1146,2507,72,97,169,6.74112485
17155,"Putnam County, Illinois",189,149,338,53,61,114,33.73,1296,1267,2563,23,48,71,2.770191182
17157,"Randolph County, Illinois",746,1232,1978,218,902,1120,56.62,6446,6251,12697,431,811,1242,9.78183823
17159,"Richland County, Illinois",438,442,880,199,222,421,47.84,3505,3041,6546,99,182,281,4.292697831
17161,"Rock Island County, Illinois",4458,4533,8991,2156,2903,5059,56.27,29825,25825,55650,1616,1960,3576,6.425876011
17163,"St. Clair County, Illinois",9050,8643,17693,5465,5588,11053,62.47,48581,40411,88992,4834,4236,9070,10.19192736
17165,"Saline County, Illinois",719,761,1480,264,415,679,45.88,5369,4455,9824,217,228,445,4.529723127
17167,"Sangamon County, Illinois",6648,6230,12878,3430,4107,7537,58.53,39185,32277,71462,3275,3057,6332,8.860653214
17169,"Schuyler County, Illinois",159,194,353,49,150,199,56.37,1590,1514,3104,40,117,157,5.057989691
17171,"Scott County, Illinois",129,113,242,50,89,139,57.44,1099,1004,2103,15,47,62,2.948169282
17173,"Shelby County, Illinois",554,616,1170,210,270,480,41.03,4849,4418,9267,191,331,522,5.632890903
17175,"Stark County, Illinois",119,129,248,36,60,96,38.71,1352,1228,2580,65,95,160,6.201550388
17177,"Stephenson County, Illinois",1239,1148,2387,663,895,1558,65.27,10512,9117,19629,477,662,1139,5.802638953
17179,"Tazewell County, Illinois",3978,4168,8146,1745,2221,3966,48.69,26707,23398,50105,847,1076,1923,3.837940325
17181,"Union County, Illinois",500,542,1042,176,232,408,39.16,3756,3473,7229,340,447,787,10.88670632
17183,"Vermilion County, Illinois",2255,2299,4554,1087,1524,2611,57.33,16098,14237,30335,755,976,1731,5.706279875
17185,"Wabash County, Illinois",354,300,654,67,136,203,31.04,2584,2305,4889,134,218,352,7.199836367
17187,"Warren County, Illinois",439,438,877,125,281,406,46.29,3640,3095,6735,186,213,399,5.924276169
17189,"Washington County, Illinois",371,426,797,171,298,469,58.85,3030,2845,5875,220,145,365,6.212765957
17191,"Wayne County, Illinois",433,444,877,85,232,317,36.15,3584,3192,6776,131,144,275,4.058441558
17193,"White County, Illinois",386,422,808,143,149,292,36.14,3354,2914,6268,141,213,354,5.647734525
17195,"Whiteside County, Illinois",1493,1545,3038,867,966,1833,60.34,12290,10740,23030,614,463,1077,4.676508901
17197,"Will County, Illinois",18318,18734,37052,9968,13215,23183,62.57,102246,92644,194890,6207,5626,11833,6.07163015
17199,"Williamson County, Illinois",2109,2133,4242,962,1117,2079,49.01,13394,11689,25083,632,744,1376,5.485787187
17201,"Winnebago County, Illinois",9171,8800,17971,5057,5908,10965,61.01,54681,47720,102401,3327,3825,7152,6.984306794
17203,"Woodford County, Illinois",955,914,1869,328,397,725,38.79,7516,6807,14323,383,338,721,5.033861621
18001,"Adams County, Indiana",974,982,1956,242,422,664,33.95,5939,5019,10958,315,313,628,5.730972805
18003,"Allen County, Indiana",12233,11765,23998,5864,6977,12841,53.51,61069,52484,113553,4043,4567,8610,7.582362421
18005,"Bartholomew County, Indiana",2413,2822,5235,917,1734,2651,50.64,14144,12271,26415,534,622,1156,4.376301344
18007,"Benton County, Indiana",228,264,492,57,159,216,43.90,1726,1509,3235,100,79,179,5.533230294
18009,"Blackford County, Indiana",308,312,620,80,192,272,43.87,2774,2393,5167,95,74,169,3.270756725
18011,"Boone County, Indiana",1680,1518,3198,632,753,1385,43.31,10062,9111,19173,343,440,783,4.083867939
18013,"Brown County, Indiana",273,322,595,111,189,300,50.42,3636,3402,7038,117,101,218,3.097470872
18015,"Carroll County, Indiana",507,446,953,190,277,467,49.00,4055,3749,7804,212,277,489,6.266017427
18017,"Cass County, Indiana",1090,1094,2184,505,683,1188,54.40,7376,6407,13783,347,504,851,6.174272655
18019,"Clark County, Indiana",3784,3825,7609,1844,2029,3873,50.90,20667,17219,37886,1160,1559,2719,7.176793539
18021,"Clay County, Indiana",854,788,1642,338,365,703,42.81,5222,4659,9881,200,133,333,3.37010424
18023,"Clinton County, Indiana",857,984,1841,314,546,860,46.71,6185,5332,11517,242,275,517,4.489016237
18025,"Crawford County, Indiana",266,254,520,71,67,138,26.54,2073,2102,4175,70,122,192,4.598802395
18027,"Daviess County, Indiana",959,1011,1970,321,264,585,29.70,5554,5001,10555,280,301,581,5.504500237
18029,"Dearborn County, Indiana",1263,1288,2551,627,774,1401,54.92,9448,8764,18212,436,400,836,4.590379969
18031,"Decatur County, Indiana",726,764,1490,269,374,643,43.15,4880,4323,9203,196,308,504,5.476475062
18033,"DeKalb County, Indiana",1212,1149,2361,621,699,1320,55.91,7704,7014,14718,302,337,639,4.341622503
18035,"Delaware County, Indiana",3324,3427,6751,1709,2320,4029,59.68,21303,17798,39101,1029,1183,2212,5.657144319
18037,"Dubois County, Indiana",1073,1118,2191,442,673,1115,50.89,8254,7449,15703,454,505,959,6.10711329
18039,"Elkhart County, Indiana",6189,6225,12414,2687,3281,5968,48.07,32805,28810,61615,2024,1931,3955,6.418891504
18041,"Fayette County, Indiana",590,651,1241,238,328,566,45.61,5035,4342,9377,334,251,585,6.238669084
18043,"Floyd County, Indiana",2256,2159,4415,1364,1540,2904,65.78,14244,12255,26499,615,823,1438,5.426619872
18045,"Fountain County, Indiana",383,447,830,145,276,421,50.72,3515,3124,6639,134,166,300,4.518752824
18047,"Franklin County, Indiana",557,527,1084,225,332,557,51.38,4354,4132,8486,322,400,722,8.508131039
18049,"Fulton County, Indiana",544,588,1132,202,342,544,48.06,4221,3715,7936,125,158,283,3.566028226
18051,"Gibson County, Indiana",912,982,1894,291,509,800,42.24,6545,5821,12366,302,381,683,5.523208798
18053,"Grant County, Indiana",1866,1555,3421,848,871,1719,50.25,14003,12010,26013,870,853,1723,6.623611271
18055,"Greene County, Indiana",869,839,1708,150,441,591,34.60,6636,6074,12710,279,452,731,5.751376869
18057,"Hamilton County, Indiana",8866,7675,16541,3730,4183,7913,47.84,41982,37318,79300,1719,1563,3282,4.138713745
18059,"Hancock County, Indiana",1876,1794,3670,922,1207,2129,58.01,12866,11416,24282,484,478,962,3.96178239
18061,"Harrison County, Indiana",1062,1133,2195,492,755,1247,56.81,7579,6949,14528,257,298,555,3.820209251
18063,"Hendricks County, Indiana",4242,4358,8600,1229,2064,3293,38.29,24157,21635,45792,858,790,1648,3.598881901
18065,"Henry County, Indiana",1130,1687,2817,488,1141,1629,57.83,9887,8967,18854,380,459,839,4.449984088
18067,"Howard County, Indiana",2395,2255,4650,1391,1228,2619,56.32,17422,14504,31926,829,752,1581,4.952076677
18069,"Huntington County, Indiana",1051,1096,2147,370,544,914,42.57,7148,6288,13436,451,271,722,5.373623102
18071,"Jackson County, Indiana",1289,1348,2637,397,561,958,36.33,7927,7007,14934,426,327,753,5.042185617
18073,"Jasper County, Indiana",775,887,1662,409,484,893,53.73,6111,5605,11716,215,243,458,3.909184022
18075,"Jay County, Indiana",554,580,1134,196,220,416,36.68,4068,3515,7583,244,248,492,6.488197283
18077,"Jefferson County, Indiana",892,815,1707,341,432,773,45.28,6226,5596,11822,366,408,774,6.547115547
18079,"Jennings County, Indiana",683,830,1513,293,589,882,58.29,4983,4596,9579,173,416,589,6.148867314
18081,"Johnson County, Indiana",4467,4457,8924,1717,2001,3718,41.66,24730,21128,45858,869,1023,1892,4.12577958
18083,"Knox County, Indiana",1077,1191,2268,369,637,1006,44.36,7535,6323,13858,350,433,783,5.650165969
18085,"Kosciusko County, Indiana",2313,2425,4738,654,1170,1824,38.50,13992,12846,26838,398,683,1081,4.027870929
18087,"LaGrange County, Indiana",1062,1061,2123,236,351,587,27.65,5588,5071,10659,227,236,463,4.343747068
18089,"Lake County, Indiana",15303,14489,29792,9984,10486,20470,68.71,91797,77114,168911,7999,8434,16433,9.728792086
18091,"LaPorte County, Indiana",3005,4084,7089,1345,2794,4139,58.39,20946,19341,40287,969,1699,2668,6.62248368
18093,"Lawrence County, Indiana",1259,1197,2456,444,483,927,37.74,9462,8411,17873,416,454,870,4.867677502
18095,"Madison County, Indiana",3756,4062,7818,1797,2156,3953,50.56,25342,22067,47409,1161,1530,2691,5.676137442
18097,"Marion County, Indiana",40826,37531,78357,24135,26309,50444,64.38,147433,120481,267914,15748,14896,30644,11.43799876
18099,"Marshall County, Indiana",1131,1269,2400,405,704,1109,46.21,8888,7820,16708,548,553,1101,6.589657649
18101,"Martin County, Indiana",254,287,541,62,159,221,40.85,2115,1971,4086,99,72,171,4.185022026
18103,"Miami County, Indiana",857,1417,2274,320,772,1092,48.02,6593,6421,13014,260,379,639,4.910096819
18105,"Monroe County, Indiana",5266,6027,11293,3434,4124,7558,66.93,19647,16656,36303,1250,1404,2654,7.310690577
18107,"Montgomery County, Indiana",953,1068,2021,340,564,904,44.73,7293,6547,13840,253,310,563,4.067919075
18109,"Morgan County, Indiana",1835,1737,3572,743,920,1663,46.56,13028,12056,25084,337,428,765,3.04975283
18111,"Newton County, Indiana",349,414,763,128,283,411,53.87,2884,2698,5582,126,173,299,5.356503046
18113,"Noble County, Indiana",1374,1357,2731,483,562,1045,38.26,8426,7734,16160,326,396,722,4.467821782
18115,"Ohio County, Indiana",165,150,315,109,97,206,65.40,1331,1228,2559,63,101,164,6.408753419
18117,"Orange County, Indiana",506,517,1023,167,290,457,44.67,3923,3598,7521,117,208,325,4.321233878
18119,"Owen County, Indiana",526,591,1117,205,338,543,48.61,4290,4190,8480,160,308,468,5.518867925
18121,"Parke County, Indiana",664,445,1109,175,244,419,37.78,3398,3133,6531,99,178,277,4.241310672
18123,"Perry County, Indiana",477,786,1263,147,480,627,49.64,3730,3517,7247,136,192,328,4.526010763
18125,"Pike County, Indiana",308,335,643,66,169,235,36.55,2676,2505,5181,93,110,203,3.918162517
18127,"Porter County, Indiana",4899,4945,9844,2447,3187,5634,57.23,30465,27274,57739,1361,1877,3238,5.607994596
18129,"Posey County, Indiana",670,675,1345,174,341,515,38.29,5105,4821,9926,228,267,495,4.986903083
18131,"Pulaski County, Indiana",302,344,646,114,161,275,42.57,2639,2550,5189,95,101,196,3.777221045
18133,"Putnam County, Indiana",840,1404,2244,390,778,1168,52.05,6575,6361,12936,207,448,655,5.063388992
18135,"Randolph County, Indiana",607,692,1299,148,398,546,42.03,5296,4699,9995,167,265,432,4.322161081
18137,"Ripley County, Indiana",786,734,1520,240,342,582,38.29,5548,4861,10409,188,239,427,4.102219233
18139,"Rush County, Indiana",420,493,913,95,222,317,34.72,3462,3077,6539,188,181,369,5.643064689
18141,"St. Joseph County, Indiana",8557,8725,17282,4813,5692,10505,60.79,47914,40879,88793,3680,3992,7672,8.640320746
18143,"Scott County, Indiana",671,695,1366,236,301,537,39.31,4486,4045,8531,269,352,621,7.279334193
18145,"Shelby County, Indiana",1273,1305,2578,692,689,1381,53.57,8423,7705,16128,238,551,789,4.892113095
18147,"Spencer County, Indiana",495,548,1043,128,265,393,37.68,4172,4039,8211,189,279,468,5.699671173
18149,"Starke County, Indiana",590,567,1157,253,353,606,52.38,4499,4325,8824,129,269,398,4.510426111
18151,"Steuben County, Indiana",846,880,1726,313,598,911,52.78,6717,6302,13019,258,371,629,4.831400261
18153,"Sullivan County, Indiana",522,884,1406,154,550,704,50.07,3888,3807,7695,126,294,420,5.458089669
18155,"Switzerland County, Indiana",276,277,553,82,158,240,43.40,1874,1842,3716,110,104,214,5.758880517
18157,"Tippecanoe County, Indiana",6618,7476,14094,3300,4109,7409,52.57,23703,20336,44039,1524,1210,2734,6.2081337
18159,"Tipton County, Indiana",350,377,727,48,168,216,29.71,3378,3019,6397,177,214,391,6.112240113
18161,"Union County, Indiana",187,178,365,81,114,195,53.42,1452,1325,2777,40,70,110,3.961109111
18163,"Vanderburgh County, Indiana",6531,6530,13061,3488,3882,7370,56.43,34560,29005,63565,2137,2897,5034,7.919452529
18165,"Vermillion County, Indiana",390,383,773,137,208,345,44.63,3406,2947,6353,62,166,228,3.588855659
18167,"Vigo County, Indiana",3167,4098,7265,1606,2897,4503,61.98,19000,16348,35348,1139,1133,2272,6.427520652
18169,"Wabash County, Indiana",796,816,1612,303,417,720,44.67,6978,5930,12908,380,300,680,5.268050821
18171,"Warren County, Indiana",198,205,403,137,102,239,59.31,1760,1649,3409,20,72,92,2.698738633
18173,"Warrick County, Indiana",1539,1451,2990,525,844,1369,45.79,11795,10222,22017,355,396,751,3.41100059
18175,"Washington County, Indiana",709,727,1436,188,278,466,32.45,5271,4790,10061,183,288,471,4.681443197
18177,"Wayne County, Indiana",1933,1834,3767,963,968,1931,51.26,14188,11655,25843,855,849,1704,6.593661727
18179,"Wells County, Indiana",795,777,1572,272,382,654,41.60,5622,4954,10576,221,223,444,4.198184569
18181,"White County, Indiana",599,640,1239,200,325,525,42.37,5196,4575,9771,199,202,401,4.103981169
18183,"Whitley County, Indiana",837,1012,1849,330,521,851,46.02,6580,5918,12498,322,300,622,4.976796287
19001,"Adair County, Iowa",181,195,376,48,102,150,39.89,1766,1591,3357,62,118,180,5.361930295
19003,"Adams County, Iowa",98,103,201,25,37,62,30.85,923,865,1788,34,70,104,5.81655481
19005,"Allamakee County, Iowa",271,404,675,87,302,389,57.63,3119,3016,6135,95,158,253,4.123879381
19007,"Appanoose County, Iowa",315,321,636,107,146,253,39.78,2884,2605,5489,141,165,306,5.574785936
19009,"Audubon County, Iowa",123,140,263,32,76,108,41.06,1479,1289,2768,41,65,106,3.829479769
19011,"Benton County, Iowa",620,616,1236,119,250,369,29.85,4967,4672,9639,122,231,353,3.662205623
19013,"Black Hawk County, Iowa",4313,4764,9077,2294,3226,5520,60.81,23414,20170,43584,1489,1493,2982,6.841960352
19015,"Boone County, Iowa",730,765,1495,304,429,733,49.03,5358,4781,10139,238,329,567,5.592267482
19017,"Bremer County, Iowa",590,619,1209,224,330,554,45.82,4809,4276,9085,168,263,431,4.744083654
19019,"Buchanan County, Iowa",592,602,1194,171,261,432,36.18,3951,3641,7592,114,268,382,5.031612223
19021,"Buena Vista County, Iowa",593,841,1434,185,428,613,42.75,3615,3346,6961,187,315,502,7.211607528
19023,"Butler County, Iowa",357,374,731,108,167,275,37.62,3296,2986,6282,55,159,214,3.406558421
19025,"Calhoun County, Iowa",210,269,479,105,183,288,60.13,2372,2165,4537,97,88,185,4.077584307
19027,"Carroll County, Iowa",536,539,1075,230,338,568,52.84,4482,3802,8284,282,369,651,7.858522453
19029,"Cass County, Iowa",318,326,644,111,153,264,40.99,3181,2755,5936,77,225,302,5.087601078
19031,"Cedar County, Iowa",431,430,861,140,206,346,40.19,3822,3488,7310,119,211,330,4.514363885
19033,"Cerro Gordo County, Iowa",1191,1254,2445,578,826,1404,57.42,9905,8363,18268,591,664,1255,6.869936501
19035,"Cherokee County, Iowa",259,302,561,50,180,230,41.00,2879,2598,5477,123,153,276,5.039255067
19037,"Chickasaw County, Iowa",255,287,542,52,185,237,43.73,2692,2467,5159,54,131,185,3.585966273
19039,"Clarke County, Iowa",272,272,544,101,130,231,42.46,1917,1625,3542,82,107,189,5.335968379
19041,"Clay County, Iowa",425,502,927,182,288,470,50.70,3678,3084,6762,212,132,344,5.087252292
19043,"Clayton County, Iowa",405,417,822,150,175,325,39.54,4038,3813,7851,140,273,413,5.260476372
19045,"Clinton County, Iowa",1415,1329,2744,725,897,1622,59.11,10111,9075,19186,517,718,1235,6.436985302
19047,"Crawford County, Iowa",433,448,881,123,212,335,38.02,3225,3045,6270,107,376,483,7.703349282
19049,"Dallas County, Iowa",2953,2459,5412,1225,1337,2562,47.34,10277,9224,19501,428,515,943,4.835649454
19051,"Davis County, Iowa",221,198,419,125,60,185,44.15,1664,1520,3184,98,61,159,4.993718593
19053,"Decatur County, Iowa",188,186,374,48,75,123,32.89,1639,1460,3099,77,75,152,4.904808003
19055,"Delaware County, Iowa",375,404,779,101,239,340,43.65,3596,3403,6999,165,228,393,5.61508787
19057,"Des Moines County, Iowa",1146,1018,2164,462,602,1064,49.17,8640,7311,15951,442,532,974,6.106200238
19059,"Dickinson County, Iowa",378,443,821,137,281,418,50.91,4248,3853,8101,193,176,369,4.554993211
19061,"Dubuque County, Iowa",2925,3210,6135,1492,2024,3516,57.31,18307,15926,34233,1764,1371,3135,9.157830164
19063,"Emmet County, Iowa",290,343,633,98,182,280,44.23,2175,1887,4062,145,127,272,6.696208764
19065,"Fayette County, Iowa",515,534,1049,186,375,561,53.48,4509,4055,8564,284,373,657,7.671648762
19067,"Floyd County, Iowa",373,367,740,211,189,400,54.05,3535,3192,6727,151,185,336,4.994797086
19069,"Franklin County, Iowa",311,245,556,180,137,317,57.01,2313,2058,4371,68,75,143,3.271562571
19071,"Fremont County, Iowa",150,171,321,56,65,121,37.69,1670,1537,3207,41,78,119,3.71063299
19073,"Greene County, Iowa",210,214,424,68,95,163,38.44,2200,1837,4037,104,81,185,4.58261085
19075,"Grundy County, Iowa",292,296,588,85,168,253,43.03,2696,2369,5065,69,199,268,5.291214215
19077,"Guthrie County, Iowa",223,238,461,73,151,224,48.59,2444,2224,4668,69,107,176,3.770351328
19079,"Hamilton County, Iowa",358,415,773,159,269,428,55.37,3355,2856,6211,92,171,263,4.234422798
19081,"Hancock County, Iowa",270,309,579,101,205,306,52.85,2526,2292,4818,84,180,264,5.479452055
19083,"Hardin County, Iowa",422,409,831,164,269,433,52.11,3982,3467,7449,193,258,451,6.05450396
19085,"Harrison County, Iowa",334,359,693,94,181,275,39.68,3108,2869,5977,142,196,338,5.655010875
19087,"Henry County, Iowa",488,690,1178,255,390,645,54.75,3915,3654,7569,154,262,416,5.496102523
19089,"Howard County, Iowa",230,269,499,109,145,254,50.90,1988,1816,3804,78,168,246,6.466876972
19091,"Humboldt County, Iowa",256,271,527,60,138,198,37.57,2169,1936,4105,30,113,143,3.483556638
19093,"Ida County, Iowa",182,177,359,24,88,112,31.20,1608,1498,3106,37,93,130,4.185447521
19095,"Iowa County, Iowa",377,465,842,63,251,314,37.29,3417,3091,6508,146,217,363,5.577750461
19097,"Jackson County, Iowa",443,497,940,163,308,471,50.11,4320,3897,8217,194,292,486,5.91456736
19099,"Jasper County, Iowa",935,1257,2192,422,798,1220,55.66,7461,6755,14216,266,548,814,5.7259426
19101,"Jefferson County, Iowa",387,680,1067,235,563,798,74.79,3673,3536,7209,252,461,713,9.890414759
19103,"Johnson County, Iowa",5980,6670,12650,3023,4640,7663,60.58,18090,16080,34170,1532,1570,3102,9.078138718
19105,"Jones County, Iowa",480,612,1092,149,447,596,54.58,4173,4062,8235,136,266,402,4.881602914
19107,"Keokuk County, Iowa",245,265,510,97,141,238,46.67,2297,2128,4425,88,133,221,4.994350282
19109,"Kossuth County, Iowa",337,359,696,109,208,317,45.55,3620,3345,6965,142,222,364,5.226130653
19111,"Lee County, Iowa",990,1170,2160,521,778,1299,60.14,7652,6701,14353,410,624,1034,7.204068836
19113,"Linn County, Iowa",7223,6988,14211,3122,4374,7496,52.75,37481,32893,70374,2789,2456,5245,7.453036633
19115,"Louisa County, Iowa",268,277,545,97,160,257,47.16,2133,2056,4189,76,151,227,5.418954404
19117,"Lucas County, Iowa",199,174,373,72,70,142,38.07,1963,1792,3755,58,131,189,5.033288948
19119,"Lyon County, Iowa",281,298,579,65,173,238,41.11,2248,2018,4266,81,122,203,4.758556024
19121,"Madison County, Iowa",342,326,668,63,188,251,37.57,2973,2698,5671,105,169,274,4.831599365
19123,"Mahaska County, Iowa",663,725,1388,213,403,616,44.38,4409,3940,8349,131,266,397,4.755060486
19125,"Marion County, Iowa",831,942,1773,202,373,575,32.43,6289,5661,11950,305,368,673,5.631799163
19127,"Marshall County, Iowa",1139,1292,2431,537,807,1344,55.29,7868,7305,15173,225,498,723,4.765043169
19129,"Mills County, Iowa",358,325,683,107,167,274,40.12,3021,2820,5841,145,244,389,6.659818524
19131,"Mitchell County, Iowa",220,275,495,49,178,227,45.86,2457,2142,4599,31,92,123,2.674494455
19133,"Monona County, Iowa",185,196,381,72,111,183,48.03,2267,1988,4255,83,227,310,7.285546416
19135,"Monroe County, Iowa",194,199,393,54,66,120,30.53,1666,1538,3204,65,179,244,7.615480649
19137,"Montgomery County, Iowa",223,242,465,89,164,253,54.41,2455,2093,4548,98,144,242,5.321020229
19139,"Muscatine County, Iowa",1197,1373,2570,518,684,1202,46.77,7847,7114,14961,465,351,816,5.45418087
19141,"O'Brien County, Iowa",319,408,727,113,179,292,40.17,3290,2795,6085,122,110,232,3.812654067
19143,"Osceola County, Iowa",161,159,320,63,73,136,42.50,1389,1261,2650,41,92,133,5.018867925
19145,"Page County, Iowa",311,490,801,125,295,420,52.43,3470,3112,6582,137,206,343,5.211182012
19147,"Palo Alto County, Iowa",228,256,484,95,122,217,44.83,2076,1817,3893,76,86,162,4.161315181
19149,"Plymouth County, Iowa",569,571,1140,203,241,444,38.95,5094,4577,9671,199,261,460,4.756488471
19151,"Pocahontas County, Iowa",160,166,326,73,86,159,48.77,1702,1618,3320,70,126,196,5.903614458
19153,"Polk County, Iowa",17970,17561,35531,8166,9607,17773,50.02,70402,60344,130746,4427,4881,9308,7.119147048
19155,"Pottawattamie County, Iowa",3008,2937,5945,1282,1800,3082,51.84,17899,15496,33395,840,1261,2101,6.291360982
19157,"Poweshiek County, Iowa",417,438,855,160,215,375,43.86,3975,3408,7383,266,260,526,7.124475146
19159,"Ringgold County, Iowa",113,114,227,41,67,108,47.58,1261,1056,2317,32,25,57,2.460077687
19161,"Sac County, Iowa",223,238,461,56,119,175,37.96,2466,2164,4630,81,175,256,5.529157667
19163,"Scott County, Iowa",5934,5820,11754,2993,3807,6800,57.85,30581,26737,57318,2130,2271,4401,7.678216267
19165,"Shelby County, Iowa",221,264,485,97,189,286,58.97,2847,2561,5408,81,222,303,5.602810651
19167,"Sioux County, Iowa",938,1052,1990,249,486,735,36.93,5676,5076,10752,210,174,384,3.571428571
19169,"Story County, Iowa",3043,3863,6906,1407,2281,3688,53.40,12135,10710,22845,565,685,1250,5.471656818
19171,"Tama County, Iowa",417,423,840,135,274,409,48.69,3615,3315,6930,146,241,387,5.584415584
19173,"Taylor County, Iowa",149,141,290,44,31,75,25.86,1382,1256,2638,24,75,99,3.752843063
19175,"Union County, Iowa",345,320,665,143,153,296,44.51,2692,2315,5007,217,143,360,7.189934092
19177,"Van Buren County, Iowa",195,165,360,95,97,192,53.33,1658,1561,3219,73,88,161,5.001553277
19179,"Wapello County, Iowa",1063,1124,2187,530,610,1140,52.13,7118,6133,13251,235,410,645,4.867557165
19181,"Warren County, Iowa",1178,1184,2362,433,720,1153,48.81,8481,7525,16006,427,322,749,4.679495189
19183,"Washington County, Iowa",561,602,1163,179,324,503,43.25,4544,4050,8594,211,294,505,5.876192693
19185,"Wayne County, Iowa",162,152,314,38,79,117,37.26,1487,1301,2788,40,56,96,3.443328551
19187,"Webster County, Iowa",965,1449,2414,491,1013,1504,62.30,7660,6608,14268,394,620,1014,7.106812447
19189,"Winnebago County, Iowa",245,312,557,72,87,159,28.55,2447,2112,4559,50,120,170,3.728887914
19191,"Winneshiek County, Iowa",438,480,918,186,243,429,46.73,4174,3881,8055,97,336,433,5.375543141
19193,"Woodbury County, Iowa",3237,3373,6610,1302,2061,3363,50.88,17548,15345,32893,1047,1269,2316,7.041011765
19195,"Worth County, Iowa",175,216,391,73,145,218,55.75,1642,1552,3194,63,133,196,6.136505949
19197,"Wright County, Iowa",278,323,601,82,146,228,37.94,2938,2622,5560,111,218,329,5.917266187
20001,"Allen County, Kansas",345,366,711,162,218,380,53.45,2917,2387,5304,190,126,316,5.957767722
20003,"Anderson County, Kansas",183,200,383,38,53,91,23.76,1629,1597,3226,52,78,130,4.029758215
20005,"Atchison County, Kansas",420,494,914,258,312,570,62.36,3144,2631,5775,310,154,464,8.034632035
20007,"Barber County, Kansas",155,116,271,37,48,85,31.37,1069,1093,2162,14,58,72,3.330249769
20009,"Barton County, Kansas",808,845,1653,360,325,685,41.44,5576,4890,10466,295,201,496,4.73915536
20011,"Bourbon County, Kansas",447,466,913,124,246,370,40.53,3125,2537,5662,93,137,230,4.062168845
20013,"Brown County, Kansas",273,254,527,37,145,182,34.54,2153,1848,4001,101,113,214,5.348662834
20015,"Butler County, Kansas",1782,1982,3764,661,998,1659,44.08,11491,10594,22085,252,494,746,3.377858275
20017,"Chase County, Kansas",45,58,103,6,32,38,36.89,643,599,1242,18,35,53,4.267310789
20019,"Chautauqua County, Kansas",83,99,182,21,46,67,36.81,883,842,1725,38,54,92,5.333333333
20021,"Cherokee County, Kansas",505,594,1099,108,291,399,36.31,4210,3810,8020,98,219,317,3.952618454
20023,"Cheyenne County, Kansas",61,32,93,43,9,52,55.91,694,636,1330,9,26,35,2.631578947
20025,"Clark County, Kansas",54,60,114,22,21,43,37.72,510,442,952,17,11,28,2.941176471
20027,"Clay County, Kansas",212,222,434,22,47,69,15.90,1851,1694,3545,109,152,261,7.36248237
20029,"Cloud County, Kansas",254,257,511,125,138,263,51.47,2160,1713,3873,145,42,187,4.828298477
20031,"Coffey County, Kansas",200,199,399,51,88,139,34.84,1795,1720,3515,55,74,129,3.669985775
20033,"Comanche County, Kansas",17,50,67,6,32,38,56.72,464,413,877,6,24,30,3.420752566
20035,"Cowley County, Kansas",1014,1058,2072,419,558,977,47.15,6831,6108,12939,283,433,716,5.533657933
20037,"Crawford County, Kansas",1439,1363,2802,754,969,1723,61.49,6793,5598,12391,300,537,837,6.754902752
20039,"Decatur County, Kansas",94,72,166,38,17,55,33.13,774,748,1522,38,38,76,4.993429698
20041,"Dickinson County, Kansas",518,515,1033,43,191,234,22.65,3993,3620,7613,154,192,346,4.544857481
20043,"Doniphan County, Kansas",214,209,423,49,91,140,33.10,1522,1472,2994,43,80,123,4.108216433
20045,"Douglas County, Kansas",4334,5201,9535,2431,3351,5782,60.64,15153,13177,28330,1018,1049,2067,7.296152489
20047,"Edwards County, Kansas",49,35,84,19,16,35,41.67,635,648,1283,16,59,75,5.845674201
20049,"Elk County, Kansas",51,83,134,15,40,55,41.04,711,643,1354,21,44,65,4.800590842
20051,"Ellis County, Kansas",1048,1220,2268,597,839,1436,63.32,4863,4312,9175,278,445,723,7.880108992
20053,"Ellsworth County, Kansas",148,318,466,13,167,180,38.63,1363,1410,2773,52,183,235,8.474576271
20055,"Finney County, Kansas",1290,1328,2618,551,697,1248,47.67,4827,4578,9405,192,359,551,5.858585859
20057,"Ford County, Kansas",1242,1385,2627,467,720,1187,45.18,4619,4292,8911,161,129,290,3.254404668
20059,"Franklin County, Kansas",751,734,1485,282,331,613,41.28,4876,4339,9215,208,260,468,5.078676072
20061,"Geary County, Kansas",2117,2293,4410,516,698,1214,27.53,3493,3054,6547,110,251,361,5.513975867
20063,"Gove County, Kansas",78,85,163,26,22,48,29.45,655,643,1298,17,48,65,5.00770416
20065,"Graham County, Kansas",53,67,120,7,34,41,34.17,678,598,1276,17,27,44,3.448275862
20067,"Grant County, Kansas",224,215,439,43,103,146,33.26,1115,1023,2138,38,23,61,2.85313377
20069,"Gray County, Kansas",186,151,337,68,41,109,32.34,984,929,1913,66,68,134,7.004704652
20071,"Greeley County, Kansas",32,16,48,12,14,26,54.17,292,264,556,7,22,29,5.215827338
20073,"Greenwood County, Kansas",132,150,282,24,57,81,28.72,1557,1429,2986,65,78,143,4.789015405
20075,"Hamilton County, Kansas",78,77,155,30,55,85,54.84,435,444,879,11,16,27,3.071672355
20077,"Harper County, Kansas",134,171,305,30,88,118,38.69,1367,1197,2564,47,44,91,3.549141966
20079,"Harvey County, Kansas",1022,1081,2103,194,497,691,32.86,6869,5976,12845,467,446,913,7.107824056
20081,"Haskell County, Kansas",121,98,219,65,28,93,42.47,693,650,1343,16,27,43,3.201787044
20083,"Hodgeman County, Kansas",53,42,95,12,10,22,23.16,466,437,903,7,26,33,3.65448505
20085,"Jackson County, Kansas",364,308,672,77,116,193,28.72,2616,2410,5026,95,53,148,2.944687624
20087,"Jefferson County, Kansas",466,437,903,131,194,325,35.99,3810,3739,7549,186,191,377,4.994038946
20089,"Jewell County, Kansas",62,78,140,13,24,37,26.43,825,773,1598,4,68,72,4.50563204
20091,"Johnson County, Kansas",19852,19061,38913,9545,11322,20867,53.62,94213,80090,174303,4800,3910,8710,4.997045375
20093,"Kearny County, Kansas",148,191,339,23,60,83,24.48,635,601,1236,21,77,98,7.928802589
20095,"Kingman County, Kansas",176,207,383,46,79,125,32.64,1789,1620,3409,37,135,172,5.045467879
20097,"Kiowa County, Kansas",64,79,143,25,37,62,43.36,523,495,1018,19,71,90,8.84086444
20099,"Labette County, Kansas",541,613,1154,179,298,477,41.33,4256,3720,7976,218,285,503,6.306419258
20101,"Lane County, Kansas",26,30,56,9,4,13,23.21,397,336,733,3,28,31,4.229195089
20103,"Leavenworth County, Kansas",1892,2744,4636,703,1651,2354,50.78,12448,12154,24602,679,960,1639,6.662059995
20105,"Lincoln County, Kansas",63,97,160,7,50,57,35.63,768,692,1460,18,45,63,4.315068493
20107,"Linn County, Kansas",201,218,419,74,96,170,40.57,2067,2032,4099,51,96,147,3.586240546
20109,"Logan County, Kansas",73,70,143,45,14,59,41.26,631,566,1197,25,16,41,3.425229741
20111,"Lyon County, Kansas",1083,996,2079,449,592,1041,50.07,5446,4841,10287,266,288,554,5.385437931
20113,"McPherson County, Kansas",756,788,1544,162,321,483,31.28,6215,5486,11701,201,356,557,4.760276899
20115,"Marion County, Kansas",271,287,558,105,151,256,45.88,2803,2576,5379,85,126,211,3.922662205
20117,"Marshall County, Kansas",261,297,558,42,167,209,37.46,2255,2119,4374,42,187,229,5.235482396
20119,"Meade County, Kansas",103,107,210,15,54,69,32.86,850,775,1625,4,16,20,1.230769231
20121,"Miami County, Kansas",720,723,1443,295,468,763,52.88,6142,5679,11821,141,346,487,4.11978682
20123,"Mitchell County, Kansas",136,162,298,15,76,91,30.54,1454,1313,2767,42,109,151,5.457173834
20125,"Montgomery County, Kansas",967,962,1929,420,580,1000,51.84,7054,6055,13109,263,304,567,4.325272713
20127,"Morris County, Kansas",133,142,275,33,48,81,29.45,1408,1306,2714,6,50,56,2.063375092
20129,"Morton County, Kansas",66,54,120,16,42,58,48.33,635,550,1185,13,32,45,3.797468354
20131,"Nemaha County, Kansas",229,257,486,30,112,142,29.22,2117,1933,4050,87,137,224,5.530864198
20133,"Neosho County, Kansas",490,466,956,181,202,383,40.06,3298,3003,6301,79,164,243,3.856530709
20135,"Ness County, Kansas",96,116,212,32,32,64,30.19,875,715,1590,21,51,72,4.528301887
20137,"Norton County, Kansas",111,257,368,20,112,132,35.87,1119,1115,2234,34,50,84,3.76007162
20139,"Osage County, Kansas",364,380,744,103,188,291,39.11,3363,3190,6553,101,233,334,5.096902182
20141,"Osborne County, Kansas",96,102,198,29,35,64,32.32,964,863,1827,37,64,101,5.528188287
20143,"Ottawa County, Kansas",131,172,303,41,69,110,36.30,1229,1195,2424,28,64,92,3.795379538
20145,"Pawnee County, Kansas",144,225,369,99,153,252,68.29,1363,1573,2936,31,263,294,10.01362398
20147,"Phillips County, Kansas",118,129,247,44,50,94,38.06,1305,1166,2471,43,68,111,4.492108458
20149,"Pottawatomie County, Kansas",703,682,1385,161,291,452,32.64,3682,3315,6997,165,208,373,5.330856081
20151,"Pratt County, Kansas",289,272,561,64,119,183,32.62,2030,1743,3773,58,108,166,4.399681951
20153,"Rawlins County, Kansas",96,72,168,50,30,80,47.62,674,639,1313,24,30,54,4.112718964
20155,"Reno County, Kansas",1777,2177,3954,538,1082,1620,40.97,12961,11377,24338,432,702,1134,4.659380393
20157,"Republic County, Kansas",99,109,208,39,68,107,51.44,1316,1192,2508,89,98,187,7.456140351
20159,"Rice County, Kansas",222,297,519,47,81,128,24.66,2018,1820,3838,82,75,157,4.090672225
20161,"Riley County, Kansas",3622,5001,8623,1304,2914,4218,48.92,7375,6422,13797,352,470,822,5.957816917
20163,"Rooks County, Kansas",145,167,312,36,86,122,39.10,1190,1080,2270,32,68,100,4.405286344
20165,"Rush County, Kansas",64,69,133,31,23,54,40.60,816,760,1576,47,52,99,6.281725888
20167,"Russell County, Kansas",171,185,356,50,64,114,32.02,1668,1492,3160,105,117,222,7.025316456
20169,"Saline County, Kansas",1719,1776,3495,789,952,1741,49.81,10498,9090,19588,492,574,1066,5.442107413
20171,"Scott County, Kansas",131,110,241,0,89,89,36.93,1091,858,1949,75,15,90,4.617752694
20173,"Sedgwick County, Kansas",18707,18584,37291,8181,10656,18837,50.51,82461,73193,155654,4397,5209,9606,6.171380112
20175,"Seward County, Kansas",831,1002,1833,236,593,829,45.23,2805,2703,5508,124,133,257,4.66594045
20177,"Shawnee County, Kansas",6071,5668,11739,2758,3317,6075,51.75,34631,29330,63961,1820,2354,4174,6.525851691
20179,"Sheridan County, Kansas",53,56,109,0,2,2,1.83,591,559,1150,16,41,57,4.956521739
20181,"Sherman County, Kansas",174,206,380,39,141,180,47.37,1250,1122,2372,83,89,172,7.251264755
20183,"Smith County, Kansas",66,42,108,39,8,47,43.52,1003,920,1923,63,53,116,6.03224129
20185,"Stafford County, Kansas",97,123,220,12,33,45,20.45,948,920,1868,44,59,103,5.51391863
20187,"Stanton County, Kansas",53,60,113,16,37,53,46.90,382,327,709,16,46,62,8.74471086
20189,"Stevens County, Kansas",187,260,447,30,177,207,46.31,932,810,1742,22,56,78,4.47761194
20191,"Sumner County, Kansas",557,753,1310,209,419,628,47.94,4822,4334,9156,116,293,409,4.467016164
20193,"Thomas County, Kansas",232,300,532,45,130,175,32.89,1457,1329,2786,18,56,74,2.656137832
20195,"Trego County, Kansas",40,35,75,19,4,23,30.67,671,673,1344,19,66,85,6.324404762
20197,"Wabaunsee County, Kansas",175,175,350,34,84,118,33.71,1382,1409,2791,40,112,152,5.446076675
20199,"Wallace County, Kansas",46,38,84,7,18,25,29.76,314,339,653,5,36,41,6.278713629
20201,"Washington County, Kansas",134,151,285,19,61,80,28.07,1331,1221,2552,51,101,152,5.956112853
20203,"Wichita County, Kansas",9,26,35,1,11,12,34.29,419,441,860,4,13,17,1.976744186
20205,"Wilson County, Kansas",221,214,435,66,108,174,40.00,2042,1848,3890,35,79,114,2.93059126
20207,"Woodson County, Kansas",80,79,159,22,23,45,28.30,783,736,1519,25,33,58,3.818301514
20209,"Wyandotte County, Kansas",6065,6015,12080,3367,3984,7351,60.85,24493,21092,45585,2394,2314,4708,10.32795876
21001,"Adair County, Kentucky",492,536,1028,165,228,393,38.23,3723,3244,6967,159,69,228,3.27257069
21003,"Allen County, Kentucky",587,583,1170,162,268,430,36.75,3738,3394,7132,142,114,256,3.589455973
21005,"Anderson County, Kentucky",608,540,1148,375,203,578,50.35,3865,3349,7214,111,90,201,2.78624896
21007,"Ballard County, Kentucky",206,207,413,62,140,202,48.91,1750,1574,3324,87,77,164,4.933814681
21009,"Barren County, Kentucky",1235,1278,2513,371,582,953,37.92,8410,7105,15515,289,240,529,3.409603609
21011,"Bath County, Kentucky",294,280,574,147,182,329,57.32,2224,2059,4283,111,117,228,5.323371469
21013,"Bell County, Kentucky",807,877,1684,235,549,784,46.56,5853,4742,10595,464,300,764,7.210948561
21015,"Boone County, Kentucky",3819,3780,7599,1672,2207,3879,51.05,18590,16837,35427,803,762,1565,4.417534649
21017,"Bourbon County, Kentucky",536,502,1038,206,278,484,46.63,3994,3545,7539,265,333,598,7.932086484
21019,"Boyd County, Kentucky",1431,1376,2807,558,783,1341,47.77,10273,8834,19107,473,485,958,5.013869263
21021,"Boyle County, Kentucky",657,803,1460,233,459,692,47.40,5891,4902,10793,335,205,540,5.003242843
21023,"Bracken County, Kentucky",229,235,464,90,115,205,44.18,1541,1468,3009,87,89,176,5.849119309
21025,"Breathitt County, Kentucky",368,368,736,165,224,389,52.85,2649,2363,5012,157,184,341,6.803671189
21027,"Breckinridge County, Kentucky",487,500,987,151,370,521,52.79,4029,3844,7873,161,254,415,5.271179982
21029,"Bullitt County, Kentucky",2289,2180,4469,871,799,1670,37.37,13214,12083,25297,470,698,1168,4.617148278
21031,"Butler County, Kentucky",373,357,730,140,166,306,41.92,2477,2290,4767,121,128,249,5.22341095
21033,"Caldwell County, Kentucky",315,310,625,110,177,287,45.92,2824,2392,5216,132,120,252,4.831288344
21035,"Calloway County, Kentucky",1077,1327,2404,356,730,1086,45.17,6614,5814,12428,206,256,462,3.717412295
21037,"Campbell County, Kentucky",3421,3235,6656,1746,2045,3791,56.96,16439,14042,30481,1008,1378,2386,7.827827171
21039,"Carlisle County, Kentucky",134,121,255,15,66,81,31.76,1091,935,2026,47,43,90,4.44225074
21041,"Carroll County, Kentucky",352,363,715,162,186,348,48.67,1919,1774,3693,65,131,196,5.307338207
21043,"Carter County, Kentucky",797,738,1535,180,295,475,30.94,5240,4775,10015,187,221,408,4.073889166
21045,"Casey County, Kentucky",453,448,901,143,195,338,37.51,3253,2895,6148,93,204,297,4.830839297
21047,"Christian County, Kentucky",3144,3914,7058,907,1731,2638,37.38,9882,8270,18152,546,539,1085,5.977302777
21049,"Clark County, Kentucky",1056,1089,2145,475,565,1040,48.48,7025,6024,13049,251,262,513,3.931335735
21051,"Clay County, Kentucky",604,884,1488,194,490,684,45.97,3646,3329,6975,251,195,446,6.394265233
21053,"Clinton County, Kentucky",271,269,540,5,137,142,26.30,2027,1883,3910,29,127,156,3.989769821
21055,"Crittenden County, Kentucky",223,236,459,49,109,158,34.42,1940,1824,3764,14,140,154,4.091392136
21057,"Cumberland County, Kentucky",173,158,331,46,80,126,38.07,1473,1398,2871,65,124,189,6.5830721
21059,"Daviess County, Kentucky",3142,2954,6096,1288,1597,2885,47.33,18987,15802,34789,1102,903,2005,5.763315991
21061,"Edmonson County, Kentucky",348,330,678,146,201,347,51.18,2473,2352,4825,23,78,101,2.093264249
21063,"Elliott County, Kentucky",169,352,521,17,156,173,33.21,1439,1473,2912,63,129,192,6.593406593
21065,"Estill County, Kentucky",391,417,808,130,172,302,37.38,2993,2604,5597,206,102,308,5.502948008
21067,"Fayette County, Kentucky",12373,12795,25168,6547,8095,14642,58.18,48014,39743,87757,4087,4119,8206,9.350821017
21069,"Fleming County, Kentucky",408,357,765,98,120,218,28.50,2796,2467,5263,123,137,260,4.940148204
21071,"Floyd County, Kentucky",1175,1158,2333,579,739,1318,56.49,7644,6627,14271,250,581,831,5.822997688
21073,"Franklin County, Kentucky",1448,1459,2907,737,1143,1880,64.67,9861,8331,18192,597,633,1230,6.76121372
21075,"Fulton County, Kentucky",170,203,373,39,138,177,47.45,1426,1175,2601,69,84,153,5.882352941
21077,"Gallatin County, Kentucky",257,248,505,83,60,143,28.32,1430,1407,2837,38,18,56,1.973916109
21079,"Garrard County, Kentucky",423,393,816,157,281,438,53.68,3394,2996,6390,86,90,176,2.754303599
21081,"Grant County, Kentucky",684,730,1414,134,331,465,32.89,3915,3571,7486,39,82,121,1.616350521
21083,"Graves County, Kentucky",1101,1061,2162,302,489,791,36.59,7370,6425,13795,231,273,504,3.653497644
21085,"Grayson County, Kentucky",691,726,1417,246,250,496,35.00,4939,4585,9524,168,140,308,3.233935321
21087,"Green County, Kentucky",248,266,514,95,170,265,51.56,2412,2107,4519,111,56,167,3.695507856
21089,"Greenup County, Kentucky",897,862,1759,258,308,566,32.18,7881,6738,14619,216,363,579,3.96059922
21091,"Hancock County, Kentucky",203,193,396,45,106,151,38.13,1578,1522,3100,99,66,165,5.322580645
21093,"Hardin County, Kentucky",3672,3984,7656,1108,1785,2893,37.79,17580,14895,32475,693,577,1270,3.910700539
21095,"Harlan County, Kentucky",898,875,1773,260,329,589,33.22,5775,4959,10734,359,441,800,7.452953233
21097,"Harrison County, Kentucky",486,430,916,214,278,492,53.71,3753,3308,7061,288,143,431,6.103951282
21099,"Hart County, Kentucky",502,524,1026,165,185,350,34.11,3492,3248,6740,199,195,394,5.845697329
21101,"Henderson County, Kentucky",1556,1333,2889,611,647,1258,43.54,9160,7863,17023,391,442,833,4.893379545
21103,"Henry County, Kentucky",404,388,792,138,217,355,44.82,3097,2703,5800,180,87,267,4.603448276
21105,"Hickman County, Kentucky",102,107,209,25,49,74,35.41,1183,909,2092,52,45,97,4.636711281
21107,"Hopkins County, Kentucky",1392,1331,2723,523,621,1144,42.01,9514,8027,17541,361,519,880,5.016817741
21109,"Jackson County, Kentucky",397,357,754,111,99,210,27.85,2522,2325,4847,59,57,116,2.393232928
21111,"Jefferson County, Kentucky",27609,26856,54465,16039,18257,34296,62.97,141730,115602,257332,12780,12864,25644,9.965336608
21113,"Jessamine County, Kentucky",1640,1577,3217,557,663,1220,37.92,8290,7403,15693,343,297,640,4.07825145
21115,"Johnson County, Kentucky",677,658,1335,207,327,534,40.00,4512,4075,8587,100,202,302,3.516944218
21117,"Kenton County, Kentucky",6044,5907,11951,3287,3669,6956,58.20,27218,23839,51057,2227,2186,4413,8.643281039
21119,"Knott County, Kentucky",429,404,833,199,223,422,50.66,3063,2876,5939,174,280,454,7.644384577
21121,"Knox County, Kentucky",926,869,1795,418,428,846,47.13,6186,5099,11285,240,300,540,4.785112982
21123,"Larue County, Kentucky",391,417,808,125,210,335,41.46,2840,2530,5370,70,145,215,4.003724395
21125,"Laurel County, Kentucky",1919,1761,3680,570,750,1320,35.87,10736,9490,20226,331,462,793,3.920696134
21127,"Lawrence County, Kentucky",456,452,908,167,144,311,34.25,3038,2767,5805,116,124,240,4.134366925
21129,"Lee County, Kentucky",199,312,511,102,238,340,66.54,1397,1396,2793,78,165,243,8.700322234
21131,"Leslie County, Kentucky",340,339,679,77,164,241,35.49,2181,1937,4118,119,290,409,9.932005828
21133,"Letcher County, Kentucky",701,700,1401,151,446,597,42.61,4854,4305,9159,159,203,362,3.95239655
21135,"Lewis County, Kentucky",380,344,724,160,180,340,46.96,2644,2500,5144,35,269,304,5.909797823
21137,"Lincoln County, Kentucky",703,737,1440,199,372,571,39.65,4752,4087,8839,286,159,445,5.034506166
21139,"Livingston County, Kentucky",220,214,434,37,115,152,35.02,2082,2022,4104,71,104,175,4.264132554
21141,"Logan County, Kentucky",818,679,1497,501,407,908,60.65,5328,4724,10052,122,275,397,3.949462793
21143,"Lyon County, Kentucky",155,334,489,69,229,298,60.94,1983,2021,4004,19,152,171,4.270729271
21145,"McCracken County, Kentucky",1929,1832,3761,951,1124,2075,55.17,14092,11631,25723,688,626,1314,5.108268864
21147,"McCreary County, Kentucky",729,659,1388,103,391,494,35.59,2948,2889,5837,218,168,386,6.612986123
21149,"McLean County, Kentucky",225,251,476,76,69,145,30.46,1930,1753,3683,45,79,124,3.366820527
21151,"Madison County, Kentucky",2565,2731,5296,952,1745,2697,50.93,13480,11660,25140,734,909,1643,6.53540175
21153,"Magoffin County, Kentucky",358,355,713,73,219,292,40.95,2410,2189,4599,139,199,338,7.349423788
21155,"Marion County, Kentucky",497,830,1327,275,504,779,58.70,3503,3216,6719,329,298,627,9.331745796
21157,"Marshall County, Kentucky",787,726,1513,199,403,602,39.79,6973,6288,13261,198,256,454,3.423572883
21159,"Martin County, Kentucky",316,686,1002,105,271,376,37.52,2114,1955,4069,70,53,123,3.022855739
21161,"Mason County, Kentucky",484,477,961,224,306,530,55.15,3549,2894,6443,164,227,391,6.068601583
21163,"Meade County, Kentucky",970,1053,2023,276,499,775,38.31,4457,4374,8831,105,260,365,4.133167252
21165,"Menifee County, Kentucky",261,196,457,153,69,222,48.58,1144,1157,2301,8,73,81,3.520208605
21167,"Mercer County, Kentucky",536,513,1049,211,220,431,41.09,4516,3946,8462,205,296,501,5.92058615
21169,"Metcalfe County, Kentucky",266,248,514,78,42,120,23.35,2021,1819,3840,67,173,240,6.25
21171,"Monroe County, Kentucky",265,325,590,71,130,201,34.07,2284,2030,4314,108,109,217,5.030134446
21173,"Montgomery County, Kentucky",791,808,1599,334,525,859,53.72,4815,4061,8876,96,283,379,4.269941415
21175,"Morgan County, Kentucky",347,623,970,89,408,497,51.24,2331,2501,4832,45,89,134,2.773178808
21177,"Muhlenberg County, Kentucky",796,976,1772,194,557,751,42.38,6341,5480,11821,208,345,553,4.678115219
21179,"Nelson County, Kentucky",1361,1290,2651,539,888,1427,53.83,7761,6912,14673,440,430,870,5.92925782
21181,"Nicholas County, Kentucky",184,180,364,43,72,115,31.59,1394,1249,2643,41,98,139,5.25917518
21183,"Ohio County, Kentucky",716,681,1397,353,321,674,48.25,4644,4199,8843,141,238,379,4.285875834
21185,"Oldham County, Kentucky",1020,1690,2710,412,1090,1502,55.42,9588,9910,19498,284,434,718,3.682428967
21187,"Owen County, Kentucky",301,255,556,43,123,166,29.86,2136,1961,4097,94,163,257,6.272882597
21189,"Owsley County, Kentucky",59,120,179,39,58,97,54.19,1049,928,1977,38,37,75,3.793626707
21191,"Pendleton County, Kentucky",408,381,789,114,158,272,34.47,2692,2523,5215,89,168,257,4.928092042
21193,"Perry County, Kentucky",856,900,1756,256,501,757,43.11,5410,4848,10258,266,248,514,5.010723338
21195,"Pike County, Kentucky",1794,1829,3623,550,752,1302,35.94,12776,11139,23915,404,607,1011,4.227472298
21197,"Powell County, Kentucky",362,355,717,148,237,385,53.70,2262,2043,4305,80,252,332,7.711962834
21199,"Pulaski County, Kentucky",1771,1770,3541,725,756,1481,41.82,13017,11328,24345,347,566,913,3.750256726
21201,"Robertson County, Kentucky",52,36,88,0,13,13,14.77,523,445,968,64,54,118,12.19008264
21203,"Rockcastle County, Kentucky",482,453,935,166,274,440,47.06,3256,2997,6253,182,131,313,5.005597313
21205,"Rowan County, Kentucky",673,730,1403,271,418,689,49.11,3714,3216,6930,132,45,177,2.554112554
21207,"Russell County, Kentucky",411,497,908,199,191,390,42.95,3710,3261,6971,145,104,249,3.571940898
21209,"Scott County, Kentucky",1501,1465,2966,557,741,1298,43.76,7399,6610,14009,307,317,624,4.454279392
21211,"Shelby County, Kentucky",1469,1154,2623,599,703,1302,49.64,7724,6702,14426,339,387,726,5.032580064
21213,"Simpson County, Kentucky",656,530,1186,205,241,446,37.61,3348,2799,6147,203,164,367,5.970392061
21215,"Spencer County, Kentucky",474,369,843,131,150,281,33.33,2869,2878,5747,41,90,131,2.279450148
21217,"Taylor County, Kentucky",732,791,1523,157,447,604,39.66,4971,4137,9108,183,175,358,3.930610452
21219,"Todd County, Kentucky",341,345,686,23,161,184,26.82,2227,1985,4212,97,154,251,5.959164292
21221,"Trigg County, Kentucky",336,309,645,70,89,159,24.65,3127,2959,6086,19,146,165,2.711140322
21223,"Trimble County, Kentucky",227,215,442,9,101,110,24.89,1609,1559,3168,45,110,155,4.892676768
21225,"Union County, Kentucky",340,439,779,119,347,466,59.82,2762,2442,5204,82,83,165,3.170637971
21227,"Warren County, Kentucky",4122,4186,8308,1763,2631,4394,52.89,18246,15587,33833,804,910,1714,5.066059764
21229,"Washington County, Kentucky",275,253,528,97,127,224,42.42,2386,1988,4374,276,249,525,12.00274348
21231,"Wayne County, Kentucky",585,557,1142,152,389,541,47.37,4292,3807,8099,161,327,488,6.025435239
21233,"Webster County, Kentucky",391,375,766,117,94,211,27.55,2609,2375,4984,84,137,221,4.434189406
21235,"Whitley County, Kentucky",1018,959,1977,379,435,814,41.17,6432,5624,12056,308,415,723,5.997013935
21237,"Wolfe County, Kentucky",206,165,371,74,78,152,40.97,1469,1346,2815,70,84,154,5.470692718
21239,"Woodford County, Kentucky",665,510,1175,207,301,508,43.23,5019,4521,9540,181,237,418,4.381551363
22001,"Acadia Parish, Louisiana",2117,2037,4154,1047,1218,2265,54.53,10759,9185,19944,653,865,1518,7.611311673
22003,"Allen Parish, Louisiana",521,1226,1747,196,647,843,48.25,4046,4346,8392,159,540,699,8.329361296
22005,"Ascension Parish, Louisiana",3761,3661,7422,1591,1989,3580,48.23,16024,14627,30651,1067,687,1754,5.722488663
22007,"Assumption Parish, Louisiana",615,554,1169,325,342,667,57.06,4340,3895,8235,385,244,629,7.638129933
22009,"Avoyelles Parish, Louisiana",1350,1449,2799,615,806,1421,50.77,7698,6703,14401,489,716,1205,8.367474481
22011,"Beauregard Parish, Louisiana",1095,1158,2253,262,547,809,35.91,6203,5684,11887,229,302,531,4.467064861
22013,"Bienville Parish, Louisiana",423,392,815,207,185,392,48.10,3026,2628,5654,187,264,451,7.976653696
22015,"Bossier Parish, Louisiana",4804,4914,9718,2323,2438,4761,48.99,19708,16824,36532,1035,1172,2207,6.041278879
22017,"Caddo Parish, Louisiana",9741,8957,18698,6343,6355,12698,67.91,47914,38515,86429,5006,4416,9422,10.90143355
22019,"Calcasieu Parish, Louisiana",6965,6779,13744,3368,3986,7354,53.51,34180,29574,63754,1722,1760,3482,5.461618095
22021,"Caldwell Parish, Louisiana",249,301,550,141,208,349,63.45,1956,1719,3675,94,141,235,6.394557823
22023,"Cameron Parish, Louisiana",152,125,277,45,42,87,31.41,1329,1220,2549,57,26,83,3.256178894
22025,"Catahoula Parish, Louisiana",260,472,732,84,277,361,49.32,1941,1844,3785,91,149,240,6.340819022
22027,"Claiborne Parish, Louisiana",380,555,935,143,447,590,63.10,3138,3131,6269,403,357,760,12.12314564
22029,"Concordia Parish, Louisiana",542,875,1417,301,605,906,63.94,3944,3288,7232,277,291,568,7.853982301
22031,"De Soto Parish, Louisiana",827,731,1558,415,388,803,51.54,5368,4582,9950,540,460,1000,10.05025126
22033,"East Baton Rouge Parish, Louisiana",17743,17783,35526,11292,12825,24117,67.89,73448,58709,132157,6751,5339,12090,9.148210083
22035,"East Carroll Parish, Louisiana",239,445,684,168,415,583,85.23,1186,1113,2299,130,145,275,11.96172249
22037,"East Feliciana Parish, Louisiana",541,752,1293,327,556,883,68.29,3835,3837,7672,315,520,835,10.88373306
22039,"Evangeline Parish, Louisiana",1005,1134,2139,556,675,1231,57.55,5738,5160,10898,351,464,815,7.47843641
22041,"Franklin Parish, Louisiana",605,737,1342,273,546,819,61.03,4112,3427,7539,443,417,860,11.40734845
22043,"Grant Parish, Louisiana",622,1050,1672,410,613,1023,61.18,3456,3482,6938,200,305,505,7.278754684
22045,"Iberia Parish, Louisiana",2414,2381,4795,1412,1545,2957,61.67,12624,11113,23737,871,1069,1940,8.172894637
22047,"Iberville Parish, Louisiana",1168,1295,2463,746,1109,1855,75.31,5798,5362,11160,447,731,1178,10.55555556
22049,"Jackson Parish, Louisiana",537,565,1102,299,362,661,59.98,3196,2801,5997,245,207,452,7.537101884
22051,"Jefferson Parish, Louisiana",16407,16288,32695,10272,11641,21913,67.02,83146,69759,152905,7358,7139,14497,9.481050325
22053,"Jefferson Davis Parish, Louisiana",956,910,1866,308,455,763,40.89,5848,5040,10888,351,487,838,7.696546657
22055,"Lafayette Parish, Louisiana",9581,9787,19368,5472,6603,12075,62.35,35971,30703,66674,3097,2712,5809,8.71254162
22057,"Lafourche Parish, Louisiana",3448,3275,6723,1548,1785,3333,49.58,16681,14705,31386,865,1021,1886,6.00904862
22059,"LaSalle Parish, Louisiana",432,532,964,122,181,303,31.43,2671,2411,5082,100,163,263,5.175127902
22061,"Lincoln Parish, Louisiana",1765,1723,3488,1124,1333,2457,70.44,6930,5694,12624,590,285,875,6.931242079
22063,"Livingston Parish, Louisiana",4633,4629,9262,1798,2500,4298,46.40,20159,18162,38321,688,766,1454,3.794264242
22065,"Madison Parish, Louisiana",463,552,1015,384,392,776,76.45,1982,1680,3662,240,217,457,12.47951939
22067,"Morehouse Parish, Louisiana",833,833,1666,489,564,1053,63.21,5555,4510,10065,612,558,1170,11.62444113
22069,"Natchitoches Parish, Louisiana",1224,1133,2357,663,755,1418,60.16,6922,5651,12573,738,448,1186,9.432911795
22071,"Orleans Parish, Louisiana",18916,17176,36092,14973,14323,29296,81.17,62431,52576,115007,10068,11387,21455,18.65538619
22073,"Ouachita Parish, Louisiana",5762,5172,10934,3099,3237,6336,57.95,26498,21561,48059,2176,2457,4633,9.640233879
22075,"Plaquemines Parish, Louisiana",829,729,1558,363,321,684,43.90,3858,3351,7209,163,280,443,6.145096407
22077,"Pointe Coupee Parish, Louisiana",645,627,1272,367,373,740,58.18,4805,4085,8890,357,391,748,8.413948256
22079,"Rapides Parish, Louisiana",4359,4124,8483,2315,2598,4913,57.92,24150,20126,44276,1850,2102,3952,8.925828891
22081,"Red River Parish, Louisiana",275,214,489,176,111,287,58.69,1785,1451,3236,170,118,288,8.899876391
22083,"Richland Parish, Louisiana",664,624,1288,328,424,752,58.39,3980,3321,7301,258,261,519,7.108615258
22085,"Sabine Parish, Louisiana",762,676,1438,296,411,707,49.17,4817,4493,9310,311,224,535,5.74650913
22087,"St. Bernard Parish, Louisiana",1823,1750,3573,813,1070,1883,52.70,5811,5633,11444,338,561,899,7.855644879
22089,"St. Charles Parish, Louisiana",1711,1589,3300,1103,1078,2181,66.09,8639,7923,16562,518,766,1284,7.752686874
22091,"St. Helena Parish, Louisiana",261,361,622,195,222,417,67.04,2204,1924,4128,297,112,409,9.907945736
22093,"St. James Parish, Louisiana",708,668,1376,415,514,929,67.51,4097,3551,7648,347,347,694,9.074267782
22095,"St. John the Baptist Parish, Louisiana",1464,1386,2850,795,1066,1861,65.30,7336,6690,14026,584,422,1006,7.172394125
22097,"St. Landry Parish, Louisiana",2694,2436,5130,1473,1724,3197,62.32,15311,13033,28344,1388,1541,2929,10.3337567
22099,"St. Martin Parish, Louisiana",1803,1724,3527,806,1117,1923,54.52,9048,8142,17190,574,792,1366,7.946480512
22101,"St. Mary Parish, Louisiana",1692,1795,3487,911,1123,2034,58.33,9537,8716,18253,586,981,1567,8.584890155
22103,"St. Tammany Parish, Louisiana",6693,6239,12932,3294,4248,7542,58.32,45038,39608,84646,2442,2056,4498,5.313895518
22105,"Tangipahoa Parish, Louisiana",4675,4537,9212,2388,2911,5299,57.52,20904,17696,38600,1572,1912,3484,9.025906736
22107,"Tensas Parish, Louisiana",141,138,279,90,75,165,59.14,1125,908,2033,130,136,266,13.08411215
22109,"Terrebonne Parish, Louisiana",4133,4041,8174,2136,2256,4392,53.73,18051,16468,34519,1053,1308,2361,6.839711463
22111,"Union Parish, Louisiana",684,600,1284,330,393,723,56.31,4742,4268,9010,332,320,652,7.236403996
22113,"Vermilion Parish, Louisiana",1895,1759,3654,763,936,1699,46.50,10400,8854,19254,538,686,1224,6.357120598
22115,"Vernon Parish, Louisiana",2243,2744,4987,377,936,1313,26.33,6700,5964,12664,265,365,630,4.974731522
22117,"Washington Parish, Louisiana",1443,1444,2887,485,835,1320,45.72,9168,7971,17139,662,869,1531,8.932843223
22119,"Webster Parish, Louisiana",1268,1273,2541,602,812,1414,55.65,8340,7084,15424,464,650,1114,7.222510373
22121,"West Baton Rouge Parish, Louisiana",936,1013,1949,672,795,1467,75.27,4059,3602,7661,164,330,494,6.448244355
22123,"West Carroll Parish, Louisiana",290,346,636,143,245,388,61.01,2290,1999,4289,98,169,267,6.225227326
22125,"West Feliciana Parish, Louisiana",317,566,883,237,491,728,82.45,1945,3408,5353,242,732,974,18.19540445
22127,"Winn Parish, Louisiana",400,540,940,156,393,549,58.40,2734,2503,5237,48,326,374,7.141493221
23001,"Androscoggin County, Maine",3431,3134,6565,1838,1907,3745,57.04,20447,18379,38826,1325,1617,2942,7.57739659
23003,"Aroostook County, Maine",1711,1738,3449,824,1051,1875,54.36,16364,14803,31167,805,1324,2129,6.830942985
23005,"Cumberland County, Maine",9130,8993,18123,5526,6717,12243,67.56,57913,49080,106993,4061,4136,8197,7.661248867
23007,"Franklin County, Maine",800,842,1642,367,464,831,50.61,6632,6245,12877,385,454,839,6.515492739
23009,"Hancock County, Maine",1455,1367,2822,711,736,1447,51.28,13135,11731,24866,890,782,1672,6.724040859
23011,"Kennebec County, Maine",3320,3123,6443,1499,2063,3562,55.28,26016,23041,49057,1562,1901,3463,7.059135292
23013,"Knox County, Maine",879,1007,1886,465,635,1100,58.32,9654,8469,18123,560,634,1194,6.588313193
23015,"Lincoln County, Maine",787,790,1577,532,528,1060,67.22,8852,7878,16730,467,444,911,5.44530783
23017,"Oxford County, Maine",1410,1357,2767,813,866,1679,60.68,12764,11954,24718,771,1082,1853,7.49656121
23019,"Penobscot County, Maine",4896,5219,10115,2737,3427,6164,60.94,30475,27165,57640,1652,1929,3581,6.212699514
23021,"Piscataquis County, Maine",359,380,739,183,249,432,58.46,4286,4143,8429,254,279,533,6.323407284
23023,"Sagadahoc County, Maine",943,914,1857,637,562,1199,64.57,7919,6979,14898,318,467,785,5.269163646
23025,"Somerset County, Maine",1397,1286,2683,534,756,1290,48.08,11178,10477,21655,419,894,1313,6.063264835
23027,"Waldo County, Maine",957,932,1889,554,615,1169,61.88,8728,7832,16560,485,467,952,5.748792271
23029,"Washington County, Maine",792,833,1625,353,499,852,52.43,7679,7028,14707,381,590,971,6.602298225
23031,"York County, Maine",5505,5374,10879,2962,3808,6770,62.23,42849,37441,80290,2740,3102,5842,7.27612405
24001,"Allegany County, Maryland",1832,2787,4619,902,1984,2886,62.48,15146,13418,28564,1049,1470,2519,8.818792886
24003,"Anne Arundel County, Maryland",18886,19467,38353,10039,12433,22472,58.59,96616,84891,181507,7239,6359,13598,7.491722082
24005,"Baltimore County, Maryland",29337,27376,56713,18550,19668,38218,67.39,161776,129426,291202,15844,12399,28243,9.698765805
24009,"Calvert County, Maryland",2307,2412,4719,1157,1573,2730,57.85,15965,14688,30653,865,941,1806,5.891756109
24011,"Caroline County, Maryland",945,892,1837,330,539,869,47.31,6171,5408,11579,315,457,772,6.667242422
24013,"Carroll County, Maryland",3981,4369,8350,1885,3054,4939,59.15,31903,28964,60867,1430,1468,2898,4.761200651
24015,"Cecil County, Maryland",2877,2768,5645,1361,1839,3200,56.69,17866,16836,34702,749,1200,1949,5.616390986
24017,"Charles County, Maryland",4633,4543,9176,2906,3199,6105,66.53,23980,20861,44841,2282,1812,4094,9.130037243
24019,"Dorchester County, Maryland",1033,903,1936,671,554,1225,63.27,7217,6141,13358,463,469,932,6.977092379
24021,"Frederick County, Maryland",7135,7044,14179,3444,4532,7976,56.25,40970,36639,77609,2476,2068,4544,5.854991045
24023,"Garrett County, Maryland",732,757,1489,230,442,672,45.13,6498,5894,12392,403,431,834,6.730148483
24025,"Harford County, Maryland",7367,7621,14988,3919,5011,8930,59.58,46168,40247,86415,2608,2348,4956,5.735115431
24027,"Howard County, Maryland",9038,9208,18246,4967,6424,11391,62.43,50221,45018,95239,2801,2324,5125,5.381198879
24029,"Kent County, Maryland",476,507,983,284,376,660,67.14,4892,4109,9001,379,368,747,8.29907788
24031,"Montgomery County, Maryland",34382,33117,67499,21283,23997,45280,67.08,182484,151351,333835,17169,12467,29636,8.877439454
24033,"Prince George's County, Maryland",33541,33577,67118,23540,25925,49465,73.70,145497,114810,260307,21056,14356,35412,13.60393689
24035,"Queen Anne's County, Maryland",1135,1155,2290,665,698,1363,59.52,9724,8987,18711,377,470,847,4.526748971
24037,"St. Mary's County, Maryland",3771,3712,7483,1409,1869,3278,43.81,16675,15976,32651,1269,1154,2423,7.420905945
24039,"Somerset County, Maryland",605,1146,1751,417,1000,1417,80.93,4422,4357,8779,358,530,888,10.11504727
24041,"Talbot County, Maryland",824,942,1766,428,649,1077,60.99,9809,8262,18071,655,553,1208,6.684743512
24043,"Washington County, Maryland",4429,5317,9746,2169,3534,5703,58.52,27410,24695,52105,1706,2463,4169,8.001151521
24045,"Wicomico County, Maryland",3051,3189,6240,1405,2035,3440,55.13,18000,14727,32727,1571,1075,2646,8.085067376
24047,"Worcester County, Maryland",1110,1389,2499,591,1031,1622,64.91,13153,11489,24642,857,974,1831,7.430403376
24510,"Baltimore city, Maryland",31722,28358,60080,24925,22790,47715,79.42,107870,83228,191098,24162,20872,45034,23.56591906
25001,"Barnstable County, Massachusetts",4454,4469,8923,2641,3164,5805,65.06,60793,49694,110487,4911,4980,9891,8.95218442
25003,"Berkshire County, Massachusetts",3298,3468,6766,2355,2825,5180,76.56,30308,25729,56037,2421,2782,5203,9.284936738
25005,"Bristol County, Massachusetts",16787,16440,33227,10908,12472,23380,70.36,106410,89549,195959,8878,9299,18177,9.275919963
25007,"Dukes County, Massachusetts",444,483,927,314,413,727,78.43,3918,3496,7414,186,587,773,10.42622066
25009,"Essex County, Massachusetts",22384,22255,44639,14326,16523,30849,69.11,149911,124397,274308,14532,13208,27740,10.11272001
25011,"Franklin County, Massachusetts",1942,2148,4090,1228,1555,2783,68.04,16112,14190,30302,1451,1503,2954,9.74853145
25013,"Hampden County, Massachusetts",14923,14387,29310,9947,10734,20681,70.56,89028,74081,163109,8973,8674,17647,10.81914548
25015,"Hampshire County, Massachusetts",4171,4288,8459,2779,3226,6005,70.99,29644,24874,54518,2575,2705,5280,9.68487472
25017,"Middlesex County, Massachusetts",59538,59331,118869,40054,46479,86533,72.80,278008,235558,513566,30336,24803,55139,10.73649735
25019,"Nantucket County, Massachusetts",261,438,699,149,264,413,59.08,1755,1714,3469,219,262,481,13.86566734
25021,"Norfolk County, Massachusetts",22011,20375,42386,15509,15449,30958,73.04,134756,112200,246956,14745,11740,26485,10.72458252
25023,"Plymouth County, Massachusetts",12509,12715,25224,8298,9856,18154,71.97,99932,85799,185731,8014,7104,15118,8.139728963
25025,"Suffolk County, Massachusetts",47414,45346,92760,36720,37372,74092,79.87,107817,88042,195859,22630,19231,41861,21.37302856
25027,"Worcester County, Massachusetts",24172,24642,48814,14754,18863,33617,68.87,146854,130199,277053,11851,13341,25192,9.092845051
26001,"Alcona County, Michigan",158,159,317,100,106,206,64.98,3235,3236,6471,112,199,311,4.806057796
26003,"Alger County, Michigan",147,422,569,82,318,400,70.30,2252,2297,4549,159,398,557,12.24444933
26005,"Allegan County, Michigan",2959,3009,5968,1029,1553,2582,43.26,20760,19348,40108,853,1318,2171,5.41288521
26007,"Alpena County, Michigan",686,669,1355,372,489,861,63.54,6928,6201,13129,376,447,823,6.26856577
26009,"Antrim County, Michigan",457,485,942,201,290,491,52.12,5793,5514,11307,170,336,506,4.475103918
26011,"Arenac County, Michigan",357,341,698,125,214,339,48.57,3616,3648,7264,126,254,380,5.231277533
26013,"Baraga County, Michigan",139,662,801,58,580,638,79.65,1643,1834,3477,79,312,391,11.24532643
26015,"Barry County, Michigan",1430,1516,2946,440,699,1139,38.66,11791,11201,22992,526,728,1254,5.454070981
26017,"Bay County, Michigan",2944,3187,6131,1571,2294,3865,63.04,22914,19543,42457,1136,2001,3137,7.388652048
26019,"Benzie County, Michigan",372,434,806,192,271,463,57.44,4217,3896,8113,231,287,518,6.384814495
26021,"Berrien County, Michigan",4376,4318,8694,2422,2623,5045,58.03,32358,27971,60329,2182,2904,5086,8.430439755
26023,"Branch County, Michigan",1191,1328,2519,477,695,1172,46.53,8334,7998,16332,258,692,950,5.816801372
26025,"Calhoun County, Michigan",4191,3919,8110,2352,2663,5015,61.84,26337,22856,49193,1675,1685,3360,6.830240075
26027,"Cass County, Michigan",1164,1116,2280,517,814,1331,58.38,11011,10343,21354,397,665,1062,4.973307109
26029,"Charlevoix County, Michigan",595,595,1190,337,329,666,55.97,6092,5572,11664,296,400,696,5.967078189
26031,"Cheboygan County, Michigan",521,529,1050,232,264,496,47.24,6388,5934,12322,203,399,602,4.885570524
26033,"Chippewa County, Michigan",868,1585,2453,272,1154,1426,58.13,6717,7035,13752,354,767,1121,8.151541594
26035,"Clare County, Michigan",750,748,1498,363,485,848,56.61,7042,6750,13792,215,422,637,4.61861949
26037,"Clinton County, Michigan",2001,2210,4211,908,1435,2343,55.64,14056,12982,27038,815,851,1666,6.16169835
26039,"Crawford County, Michigan",293,291,584,130,227,357,61.13,3315,3316,6631,117,209,326,4.916302217
26041,"Delta County, Michigan",854,856,1710,519,638,1157,67.66,8646,7906,16552,347,488,835,5.044707588
26043,"Dickinson County, Michigan",648,668,1316,210,307,517,39.29,5973,5440,11413,310,467,777,6.808025935
26045,"Eaton County, Michigan",3328,3345,6673,1842,1950,3792,56.83,21579,19060,40639,1406,1145,2551,6.277221388
26047,"Emmet County, Michigan",875,854,1729,432,545,977,56.51,7293,6538,13831,285,309,594,4.294700311
26049,"Genesee County, Michigan",12359,11556,23915,7596,8026,15622,65.32,80824,68011,148835,6301,6414,12715,8.543017435
26051,"Gladwin County, Michigan",522,572,1094,249,300,549,50.18,6297,5987,12284,203,415,618,5.030934549
26053,"Gogebic County, Michigan",320,543,863,137,400,537,62.22,3770,3729,7499,177,434,611,8.147753034
26055,"Grand Traverse County, Michigan",2645,2901,5546,1545,2133,3678,66.32,18600,15906,34506,929,1185,2114,6.126470759
26057,"Gratiot County, Michigan",1066,1695,2761,509,1237,1746,63.24,7614,7142,14756,397,633,1030,6.980211439
26059,"Hillsdale County, Michigan",1167,1193,2360,387,680,1067,45.21,9343,8588,17931,393,564,957,5.337125648
26061,"Houghton County, Michigan",876,1231,2107,342,771,1113,52.82,6297,5935,12232,396,731,1127,9.21353826
26063,"Huron County, Michigan",708,754,1462,349,542,891,60.94,7916,7241,15157,354,595,949,6.26113347
26065,"Ingham County, Michigan",10204,10505,20709,6578,7474,14052,67.85,44667,37269,81936,4006,4031,8037,9.80887522
26067,"Ionia County, Michigan",1747,2359,4106,680,1512,2192,53.39,10359,10082,20441,414,831,1245,6.090700064
26069,"Iosco County, Michigan",520,511,1031,188,312,500,48.50,6881,6582,13463,165,454,619,4.597786526
26071,"Iron County, Michigan",231,226,457,128,180,308,67.40,3277,3045,6322,171,308,479,7.576716229
26073,"Isabella County, Michigan",2309,2438,4747,1237,1685,2922,61.55,9647,8348,17995,675,601,1276,7.090858572
26075,"Jackson County, Michigan",4343,5027,9370,2088,3356,5444,58.10,30210,28027,58237,1495,2369,3864,6.634957158
26077,"Kalamazoo County, Michigan",8291,8828,17119,4574,5866,10440,60.98,43041,36466,79507,3129,3069,6198,7.795540015
26079,"Kalkaska County, Michigan",417,495,912,193,251,444,48.68,3575,3530,7105,119,259,378,5.320197044
26081,"Kent County, Michigan",23742,23155,46897,12737,14866,27603,58.86,100087,86996,187083,7852,7142,14994,8.014624525
26083,"Keweenaw County, Michigan",55,39,94,21,25,46,48.94,593,611,1204,25,65,90,7.475083056
26085,"Lake County, Michigan",242,263,505,158,210,368,72.87,2887,3014,5901,136,315,451,7.642772411
26087,"Lapeer County, Michigan",1975,2101,4076,829,1318,2147,52.67,17290,16584,33874,656,922,1578,4.658440102
26089,"Leelanau County, Michigan",412,450,862,221,300,521,60.44,5961,5490,11451,284,247,531,4.637149594
26091,"Lenawee County, Michigan",2452,2935,5387,1019,1985,3004,55.76,19467,17636,37103,1529,1556,3085,8.314691534
26093,"Livingston County, Michigan",4186,4470,8656,2087,2735,4822,55.71,34575,32569,67144,1054,1412,2466,3.672703443
26095,"Luce County, Michigan",116,266,382,82,194,276,72.25,1317,1503,2820,83,228,311,11.02836879
26097,"Mackinac County, Michigan",209,215,424,136,147,283,66.75,2856,2749,5605,127,198,325,5.798394291
26099,"Macomb County, Michigan",25921,25692,51613,14913,19198,34111,66.09,165481,140003,305484,12412,12596,25008,8.186353459
26101,"Manistee County, Michigan",443,678,1121,193,480,673,60.04,5990,5559,11549,246,475,721,6.242964759
26103,"Marquette County, Michigan",1905,2357,4262,1126,1714,2840,66.64,12905,12342,25247,851,1003,1854,7.343446746
26105,"Mason County, Michigan",704,724,1428,320,432,752,52.66,6567,6064,12631,248,367,615,4.868973161
26107,"Mecosta County, Michigan",1188,1257,2445,653,903,1556,63.64,7938,7152,15090,262,528,790,5.235255136
26109,"Menominee County, Michigan",503,561,1064,266,347,613,57.61,5619,5298,10917,348,475,823,7.538701108
26111,"Midland County, Michigan",2369,2469,4838,1107,1247,2354,48.66,16444,14359,30803,556,698,1254,4.071032042
26113,"Missaukee County, Michigan",376,406,782,125,245,370,47.31,3045,3024,6069,94,146,240,3.954522986
26115,"Monroe County, Michigan",4067,4015,8082,1756,2538,4294,53.13,29335,26645,55980,1629,1652,3281,5.861021793
26117,"Montcalm County, Michigan",1705,2009,3714,666,1191,1857,50.00,11480,11203,22683,491,700,1191,5.250628224
26119,"Montmorency County, Michigan",152,192,344,63,149,212,61.63,2701,2644,5345,95,175,270,5.051449953
26121,"Muskegon County, Michigan",5112,5330,10442,2621,3508,6129,58.70,32180,28423,60603,2111,2300,4411,7.278517565
26123,"Newaygo County, Michigan",1236,1301,2537,564,665,1229,48.44,9571,9233,18804,366,513,879,4.674537332
26125,"Oakland County, Michigan",36840,36128,72968,22077,26546,48623,66.64,237389,202657,440046,17626,15569,33195,7.54352954
26127,"Oceana County, Michigan",628,660,1288,185,359,544,42.24,5398,5193,10591,230,338,568,5.363044094
26129,"Ogemaw County, Michigan",456,457,913,206,271,477,52.25,5283,5049,10332,157,260,417,4.036004646
26131,"Ontonagon County, Michigan",91,109,200,27,60,87,43.50,1857,1941,3798,42,210,252,6.63507109
26133,"Osceola County, Michigan",589,579,1168,220,310,530,45.38,4822,4551,9373,172,278,450,4.801024218
26135,"Oscoda County, Michigan",174,181,355,82,69,151,42.54,2151,2205,4356,95,130,225,5.165289256
26137,"Otsego County, Michigan",569,644,1213,251,372,623,51.36,5147,4770,9917,253,149,402,4.053645256
26139,"Ottawa County, Michigan",7547,7687,15234,2691,3948,6639,43.58,43930,39331,83261,1548,1341,2889,3.469811797
26141,"Presque Isle County, Michigan",218,221,439,131,145,276,62.87,3614,3563,7177,161,197,358,4.988156611
26143,"Roscommon County, Michigan",480,433,913,240,286,526,57.61,6984,6776,13760,182,446,628,4.563953488
26145,"Saginaw County, Michigan",5698,5752,11450,3367,4102,7469,65.23,40160,33653,73813,3113,3170,6283,8.512050723
26147,"St. Clair County, Michigan",4071,4096,8167,2008,2745,4753,58.20,32148,29447,61595,1503,2112,3615,5.868982872
26149,"St. Joseph County, Michigan",1757,1820,3577,706,981,1687,47.16,11756,10468,22224,468,621,1089,4.900107991
26151,"Sanilac County, Michigan",996,1038,2034,410,630,1040,51.13,9072,8415,17487,495,663,1158,6.622062103
26153,"Schoolcraft County, Michigan",145,159,304,50,109,159,52.30,2117,2003,4120,130,160,290,7.038834951
26155,"Shiawassee County, Michigan",1793,1779,3572,912,1111,2023,56.63,13724,12280,26004,800,696,1496,5.752961083
26157,"Tuscola County, Michigan",1366,1455,2821,524,808,1332,47.22,11343,10507,21850,617,633,1250,5.720823799
26159,"Van Buren County, Michigan",1904,2024,3928,717,1123,1840,46.84,14720,13462,28182,832,1106,1938,6.876729828
26161,"Washtenaw County, Michigan",12889,13373,26262,8268,10091,18359,69.91,55108,47905,103013,4717,4384,9101,8.834807257
26163,"Wayne County, Michigan",57211,54141,111352,38595,41687,80282,72.10,327784,269195,596979,44597,43335,87932,14.72949635
26165,"Wexford County, Michigan",970,985,1955,349,631,980,50.13,6497,6177,12674,175,384,559,4.410604387
27001,"Aitkin County, Minnesota",316,287,603,110,136,246,40.80,4321,4371,8692,138,296,434,4.993097101
27003,"Anoka County, Minnesota",10565,10891,21456,5450,6939,12389,57.74,55066,51078,106144,3245,3531,6776,6.383780525
27005,"Becker County, Minnesota",855,856,1711,397,529,926,54.12,6861,6640,13501,282,589,871,6.451373972
27007,"Beltrami County, Minnesota",1381,1474,2855,642,993,1635,57.27,7620,7018,14638,408,607,1015,6.934007378
27009,"Benton County, Minnesota",1592,1658,3250,775,988,1763,54.25,6269,5611,11880,404,525,929,7.81986532
27011,"Big Stone County, Minnesota",116,104,220,17,50,67,30.45,1350,1218,2568,66,64,130,5.062305296
27013,"Blue Earth County, Minnesota",2335,2983,5318,1156,1961,3117,58.61,9870,8838,18708,630,774,1404,7.504810776
27015,"Brown County, Minnesota",675,682,1357,296,424,720,53.06,5570,4942,10512,339,555,894,8.50456621
27017,"Carlton County, Minnesota",920,1103,2023,464,727,1191,58.87,6684,6478,13162,295,666,961,7.301321988
27019,"Carver County, Minnesota",2510,2379,4889,1192,1301,2493,50.99,13968,13139,27107,473,851,1324,4.884347217
27021,"Cass County, Minnesota",633,643,1276,240,354,594,46.55,6655,6713,13368,227,421,648,4.847396768
27023,"Chippewa County, Minnesota",304,425,729,48,317,365,50.07,2669,2327,4996,60,171,231,4.623698959
27025,"Chisago County, Minnesota",1280,1618,2898,633,1119,1752,60.46,9090,8951,18041,289,492,781,4.329028324
27027,"Clay County, Minnesota",1983,2250,4233,944,1382,2326,54.95,9232,8294,17526,604,735,1339,7.640077599
27029,"Clearwater County, Minnesota",223,220,443,75,95,170,38.37,1830,1714,3544,104,110,214,6.038374718
27031,"Cook County, Minnesota",140,109,249,40,62,102,40.96,1396,1325,2721,69,78,147,5.402425579
27033,"Cottonwood County, Minnesota",223,297,520,95,151,246,47.31,2672,2327,4999,75,189,264,5.281056211
27035,"Crow Wing County, Minnesota",1690,1698,3388,640,1013,1653,48.79,13462,12534,25996,574,936,1510,5.808585936
27037,"Dakota County, Minnesota",13494,13250,26744,6922,8539,15461,57.81,67949,59917,127866,4159,4162,8321,6.507593887
27039,"Dodge County, Minnesota",548,535,1083,203,299,502,46.35,3341,3116,6457,142,156,298,4.615146353
27041,"Douglas County, Minnesota",1020,1051,2071,409,602,1011,48.82,8063,7341,15404,278,557,835,5.420669956
27043,"Faribault County, Minnesota",343,380,723,139,199,338,46.75,3379,3095,6474,148,202,350,5.406240346
27045,"Fillmore County, Minnesota",500,530,1030,145,286,431,41.84,4489,4106,8595,163,271,434,5.049447353
27047,"Freeborn County, Minnesota",767,859,1626,359,555,914,56.21,6994,6309,13303,274,539,813,6.111403443
27049,"Goodhue County, Minnesota",1227,1261,2488,452,804,1256,50.48,9615,8750,18365,426,426,852,4.639259461
27051,"Grant County, Minnesota",142,147,289,47,79,126,43.60,1406,1309,2715,49,96,145,5.340699816
27053,"Hennepin County, Minnesota",52204,51673,103877,32569,37789,70358,67.73,198976,172972,371948,21502,23380,44882,12.06674051
27055,"Houston County, Minnesota",433,495,928,212,245,457,49.25,4165,3922,8087,278,407,685,8.470384568
27057,"Hubbard County, Minnesota",411,481,892,223,259,482,54.04,4838,4745,9583,103,320,423,4.414066576
27059,"Isanti County, Minnesota",1184,1180,2364,559,686,1245,52.66,6636,6360,12996,370,625,995,7.656201908
27061,"Itasca County, Minnesota",1067,1099,2166,366,625,991,45.75,10256,9848,20104,413,721,1134,5.640668524
27063,"Jackson County, Minnesota",251,304,555,132,141,273,49.19,2253,2086,4339,99,151,250,5.761696243
27065,"Kanabec County, Minnesota",401,426,827,205,294,499,60.34,3306,3288,6594,164,308,472,7.158022445
27067,"Kandiyohi County, Minnesota",1148,1292,2440,525,793,1318,54.02,8474,7734,16208,392,575,967,5.966189536
27069,"Kittson County, Minnesota",73,90,163,17,72,89,54.60,1102,1039,2141,55,125,180,8.407286315
27071,"Koochiching County, Minnesota",290,327,617,99,220,319,51.70,3046,2982,6028,171,208,379,6.287325813
27073,"Lac qui Parle County, Minnesota",132,163,295,51,105,156,52.88,1826,1664,3490,53,126,179,5.128939828
27075,"Lake County, Minnesota",264,302,566,84,179,263,46.47,2647,2692,5339,90,268,358,6.705375538
27077,"Lake of the Woods County, Minnesota",53,47,100,22,40,62,62.00,947,1010,1957,17,152,169,8.635666837
27079,"Le Sueur County, Minnesota",733,780,1513,265,481,746,49.31,5158,5032,10190,226,382,608,5.966633955
27081,"Lincoln County, Minnesota",134,130,264,67,64,131,49.62,1405,1280,2685,61,144,205,7.635009311
27083,"Lyon County, Minnesota",818,939,1757,371,666,1037,59.02,4418,3927,8345,335,277,612,7.333732774
27085,"McLeod County, Minnesota",1019,1071,2090,438,637,1075,51.44,7030,6191,13221,265,437,702,5.309734513
27087,"Mahnomen County, Minnesota",135,138,273,86,95,181,66.30,995,973,1968,68,141,209,10.6199187
27089,"Marshall County, Minnesota",249,241,490,79,137,216,44.08,1987,1936,3923,44,151,195,4.9706857
27091,"Martin County, Minnesota",508,512,1020,228,329,557,54.61,4792,4311,9103,187,411,598,6.56926288
27093,"Meeker County, Minnesota",588,610,1198,206,300,506,42.24,4614,4493,9107,141,261,402,4.414186889
27095,"Mille Lacs County, Minnesota",776,715,1491,362,454,816,54.73,4955,4624,9579,216,351,567,5.919198246
27097,"Morrison County, Minnesota",876,943,1819,290,502,792,43.54,6536,6170,12706,372,590,962,7.571226192
27099,"Mower County, Minnesota",1082,1027,2109,536,631,1167,55.33,7685,6858,14543,483,603,1086,7.467510142
27101,"Murray County, Minnesota",183,194,377,70,93,163,43.24,2065,1937,4002,94,106,200,4.997501249
27103,"Nicollet County, Minnesota",1131,1296,2427,462,823,1285,52.95,5489,5061,10550,274,374,648,6.142180095
27105,"Nobles County, Minnesota",593,758,1351,258,452,710,52.55,3831,3671,7502,188,267,455,6.06504932
27107,"Norman County, Minnesota",136,141,277,52,76,128,46.21,1540,1410,2950,69,135,204,6.915254237
27109,"Olmsted County, Minnesota",5645,5550,11195,2673,3547,6220,55.56,25953,22489,48442,1913,1566,3479,7.181784402
27111,"Otter Tail County, Minnesota",1318,1359,2677,468,674,1142,42.66,13460,12642,26102,350,990,1340,5.133706229
27113,"Pennington County, Minnesota",440,531,971,217,422,639,65.81,2746,2343,5089,163,266,429,8.429946944
27115,"Pine County, Minnesota",721,944,1665,372,649,1021,61.32,5806,5882,11688,243,562,805,6.887405886
27117,"Pipestone County, Minnesota",217,260,477,87,141,228,47.80,2079,1776,3855,58,115,173,4.48767834
27119,"Polk County, Minnesota",858,1094,1952,287,612,899,46.06,6298,5726,12024,338,678,1016,8.449767132
27121,"Pope County, Minnesota",266,318,584,103,186,289,49.49,2561,2386,4947,94,128,222,4.487568223
27123,"Ramsey County, Minnesota",22881,21818,44699,13603,15057,28660,64.12,89392,74276,163668,10783,10349,21132,12.91150378
27125,"Red Lake County, Minnesota",97,110,207,19,60,79,38.16,840,832,1672,41,109,150,8.971291866
27127,"Redwood County, Minnesota",365,425,790,143,247,390,49.37,3461,3137,6598,169,305,474,7.18399515
27129,"Renville County, Minnesota",347,377,724,168,208,376,51.93,3282,3229,6511,131,308,439,6.742435878
27131,"Rice County, Minnesota",1574,1940,3514,806,1263,2069,58.88,10754,9800,20554,623,716,1339,6.514547047
27133,"Rock County, Minnesota",210,232,442,67,92,159,35.97,2062,1827,3889,111,133,244,6.274106454
27135,"Roseau County, Minnesota",339,378,717,84,196,280,39.05,2880,2868,5748,86,216,302,5.254001392
27137,"St. Louis County, Minnesota",5673,6270,11943,3048,4337,7385,61.84,40831,37516,78347,2520,3820,6340,8.09220519
27139,"Scott County, Minnesota",4044,3794,7838,1677,2233,3910,49.89,17906,16974,34880,952,1076,2028,5.814220183
27141,"Sherburne County, Minnesota",2664,3062,5726,994,1671,2665,46.54,12170,11807,23977,591,572,1163,4.850481712
27143,"Sibley County, Minnesota",370,408,778,191,233,424,54.50,2955,2754,5709,196,263,459,8.039936942
27145,"Stearns County, Minnesota",4675,5168,9843,2345,3408,5753,58.45,24162,22936,47098,1440,1926,3366,7.146800289
27147,"Steele County, Minnesota",1053,1087,2140,330,664,994,46.45,6753,6010,12763,379,369,748,5.86069106
27149,"Stevens County, Minnesota",243,292,535,89,175,264,49.35,1756,1548,3304,85,94,179,5.417675545
27151,"Swift County, Minnesota",208,256,464,114,148,262,56.47,2142,1940,4082,96,191,287,7.030867222
27153,"Todd County, Minnesota",576,620,1196,227,350,577,48.24,4999,5035,10034,188,385,573,5.710584014
27155,"Traverse County, Minnesota",57,72,129,11,36,47,36.43,860,790,1650,16,40,56,3.393939394
27157,"Wabasha County, Minnesota",581,527,1108,166,285,451,40.70,4466,4271,8737,213,256,469,5.367975278
27159,"Wadena County, Minnesota",340,327,667,121,195,316,47.38,3063,2757,5820,133,249,382,6.563573883
27161,"Waseca County, Minnesota",742,508,1250,388,314,702,56.16,3655,3230,6885,230,292,522,7.581699346
27163,"Washington County, Minnesota",7058,7160,14218,3775,4868,8643,60.79,41948,38340,80288,1939,2246,4185,5.212485054
27165,"Watonwan County, Minnesota",287,306,593,146,158,304,51.26,2259,2104,4363,87,188,275,6.303002521
27167,"Wilkin County, Minnesota",147,158,305,17,87,104,34.10,1373,1315,2688,34,72,106,3.943452381
27169,"Winona County, Minnesota",1490,1566,3056,770,1171,1941,63.51,8955,8191,17146,488,850,1338,7.803569346
27171,"Wright County, Minnesota",3790,3841,7631,1599,2339,3938,51.61,18161,17341,35502,675,1215,1890,5.323643738
27173,"Yellow Medicine County, Minnesota",249,320,569,95,180,275,48.33,2173,2070,4243,63,178,241,5.679943436
28001,"Adams County, Mississippi",932,1143,2075,556,852,1408,67.86,6774,5657,12431,649,552,1201,9.661330545
28003,"Alcorn County, Mississippi",1133,1018,2151,411,514,925,43.00,7239,6060,13299,262,306,568,4.270997819
28005,"Amite County, Mississippi",333,261,594,104,147,251,42.26,2987,2630,5617,200,312,512,9.115186042
28007,"Attala County, Mississippi",563,462,1025,298,203,501,48.88,3957,3288,7245,313,195,508,7.011732229
28009,"Benton County, Mississippi",279,147,426,219,57,276,64.79,1667,1437,3104,131,76,207,6.668814433
28011,"Bolivar County, Mississippi",1174,1153,2327,838,981,1819,78.17,6194,4630,10824,840,604,1444,13.34072432
28013,"Calhoun County, Mississippi",402,368,770,187,210,397,51.56,3019,2524,5543,216,204,420,7.577124301
28015,"Carroll County, Mississippi",188,304,492,115,250,365,74.19,2286,2128,4414,98,173,271,6.139555958
28017,"Chickasaw County, Mississippi",526,493,1019,291,306,597,58.59,3313,2707,6020,337,298,635,10.54817276
28019,"Choctaw County, Mississippi",222,197,419,82,137,219,52.27,1818,1552,3370,127,129,256,7.596439169
28021,"Claiborne County, Mississippi",257,225,482,244,218,462,95.85,1691,1405,3096,248,290,538,17.37726098
28023,"Clarke County, Mississippi",476,478,954,176,287,463,48.53,3458,2901,6359,187,245,432,6.793520994
28025,"Clay County, Mississippi",632,571,1203,409,365,774,64.34,4087,3263,7350,452,367,819,11.14285714
28027,"Coahoma County, Mississippi",888,726,1614,647,517,1164,72.12,4504,3453,7957,807,512,1319,16.57659922
28029,"Copiah County, Mississippi",881,778,1659,428,511,939,56.60,5599,4617,10216,521,483,1004,9.827721222
28031,"Covington County, Mississippi",613,579,1192,352,354,706,59.23,3686,3237,6923,210,215,425,6.1389571
28033,"DeSoto County, Mississippi",5318,4863,10181,2120,2675,4795,47.10,25498,21934,47432,1192,943,2135,4.501180638
28035,"Forrest County, Mississippi",2978,3112,6090,1488,1849,3337,54.79,11852,9562,21414,820,1000,1820,8.49911273
28037,"Franklin County, Mississippi",235,267,502,89,167,256,51.00,1634,1437,3071,109,36,145,4.721589059
28039,"George County, Mississippi",631,683,1314,176,273,449,34.17,3784,3477,7261,139,236,375,5.164577882
28041,"Greene County, Mississippi",298,772,1070,72,536,608,56.82,2130,2193,4323,109,345,454,10.50196623
28043,"Grenada County, Mississippi",591,374,965,284,258,542,56.17,4304,3522,7826,274,501,775,9.90288781
28045,"Hancock County, Mississippi",1270,1128,2398,377,504,881,36.74,9204,8285,17489,698,686,1384,7.913545657
28047,"Harrison County, Mississippi",7196,7205,14401,3616,4067,7683,53.35,32319,28720,61039,1929,2781,4710,7.716378053
28049,"Hinds County, Mississippi",9877,8662,18539,7147,6252,13399,72.27,41252,31980,73232,4641,4019,8660,11.82543151
28051,"Holmes County, Mississippi",612,514,1126,525,459,984,87.39,3312,2616,5928,649,442,1091,18.40418354
28053,"Humphreys County, Mississippi",296,271,567,268,237,505,89.07,1708,1323,3031,313,163,476,15.70438799
28055,"Issaquena County, Mississippi",18,112,130,6,97,103,79.23,196,296,492,15,43,58,11.78861789
28057,"Itawamba County, Mississippi",621,658,1279,185,278,463,36.20,4462,3826,8288,202,111,313,3.776544402
28059,"Jackson County, Mississippi",4414,4382,8796,2397,2626,5023,57.11,24453,22126,46579,1368,1687,3055,6.558749651
28061,"Jasper County, Mississippi",452,435,887,225,238,463,52.20,3437,3044,6481,193,199,392,6.048449313
28063,"Jefferson County, Mississippi",260,182,442,212,93,305,69.00,1474,1245,2719,147,227,374,13.75505701
28065,"Jefferson Davis County, Mississippi",309,324,633,151,234,385,60.82,2669,2156,4825,181,107,288,5.968911917
28067,"Jones County, Mississippi",2246,2158,4404,933,1423,2356,53.50,12644,10709,23353,874,783,1657,7.095448122
28069,"Kemper County, Mississippi",241,323,564,108,237,345,61.17,2010,1732,3742,203,218,421,11.25066809
28071,"Lafayette County, Mississippi",1713,2132,3845,925,1435,2360,61.38,7027,5819,12846,622,578,1200,9.341429239
28073,"Lamar County, Mississippi",2476,2251,4727,983,1313,2296,48.57,8761,7477,16238,97,395,492,3.029929794
28075,"Lauderdale County, Mississippi",2628,2730,5358,1480,1808,3288,61.37,14918,12229,27147,1197,1025,2222,8.18506649
28077,"Lawrence County, Mississippi",363,327,690,139,123,262,37.97,2438,2213,4651,73,114,187,4.020640722
28079,"Leake County, Mississippi",735,674,1409,396,441,837,59.40,3940,3294,7234,92,148,240,3.317666575
28081,"Lee County, Mississippi",2866,2476,5342,1236,1447,2683,50.22,14944,12074,27018,651,905,1556,5.759123547
28083,"Leflore County, Mississippi",1114,1095,2209,847,802,1649,74.65,5415,4113,9528,784,690,1474,15.47019312
28085,"Lincoln County, Mississippi",1014,824,1838,397,442,839,45.65,6662,5468,12130,401,358,759,6.25721352
28087,"Lowndes County, Mississippi",2131,1976,4107,968,977,1945,47.36,10823,8879,19702,1001,658,1659,8.420464927
28089,"Madison County, Mississippi",3486,3076,6562,1849,1885,3734,56.90,16658,13881,30539,1412,1015,2427,7.947215037
28091,"Marion County, Mississippi",854,823,1677,260,409,669,39.89,5109,4247,9356,336,278,614,6.562633604
28093,"Marshall County, Mississippi",1103,1137,2240,561,825,1386,61.88,6877,6130,13007,479,494,973,7.480587376
28095,"Monroe County, Mississippi",1126,999,2125,531,544,1075,50.59,7464,6091,13555,431,346,777,5.732202139
28097,"Montgomery County, Mississippi",195,74,269,155,36,191,71.00,2271,1906,4177,232,125,357,8.546803926
28099,"Neshoba County, Mississippi",937,778,1715,445,388,833,48.57,5233,4397,9630,332,325,657,6.822429907
28101,"Newton County, Mississippi",664,552,1216,226,319,545,44.82,4017,3388,7405,153,306,459,6.198514517
28103,"Noxubee County, Mississippi",405,360,765,251,309,560,73.20,2108,1749,3857,274,272,546,14.15607985
28105,"Oktibbeha County, Mississippi",1795,1987,3782,976,1210,2186,57.80,6309,5325,11634,527,486,1013,8.707237408
28107,"Panola County, Mississippi",1078,946,2024,595,705,1300,64.23,6109,5289,11398,593,768,1361,11.94069135
28109,"Pearl River County, Mississippi",1443,1553,2996,298,674,972,32.44,10642,9440,20082,360,588,948,4.720645354
28111,"Perry County, Mississippi",352,340,692,151,112,263,38.01,2409,2010,4419,122,135,257,5.815795429
28113,"Pike County, Mississippi",1228,1083,2311,738,640,1378,59.63,7600,6146,13746,528,570,1098,7.987778263
28115,"Pontotoc County, Mississippi",933,1219,2152,277,478,755,35.08,5347,4572,9919,241,368,609,6.139731828
28117,"Prentiss County, Mississippi",702,746,1448,258,320,578,39.92,4847,4033,8880,206,203,409,4.605855856
28119,"Quitman County, Mississippi",235,238,473,188,188,376,79.49,1488,1257,2745,167,154,321,11.69398907
28121,"Rankin County, Mississippi",5480,4908,10388,2028,2665,4693,45.18,24546,20483,45029,1130,1286,2416,5.365431167
28123,"Scott County, Mississippi",1091,948,2039,507,597,1104,54.14,4927,3958,8885,321,384,705,7.934721441
28125,"Sharkey County, Mississippi",168,149,317,138,133,271,85.49,1031,753,1784,177,53,230,12.89237668
28127,"Simpson County, Mississippi",834,811,1645,445,505,950,57.75,5251,4386,9637,345,119,464,4.814776383
28129,"Smith County, Mississippi",354,389,743,77,201,278,37.42,3218,2763,5981,111,113,224,3.745193112
28131,"Stone County, Mississippi",493,639,1132,157,328,485,42.84,2989,2999,5988,63,84,147,2.45490982
28133,"Sunflower County, Mississippi",872,1432,2304,650,1116,1766,76.65,4435,3810,8245,544,671,1215,14.73620376
28135,"Tallahatchie County, Mississippi",428,1228,1656,313,983,1296,78.26,2432,2090,4522,309,229,538,11.89739054
28137,"Tate County, Mississippi",839,730,1569,285,484,769,49.01,5158,4340,9498,280,303,583,6.138134344
28139,"Tippah County, Mississippi",589,631,1220,197,331,528,43.28,4073,3487,7560,243,210,453,5.992063492
28141,"Tishomingo County, Mississippi",494,456,950,58,203,261,27.47,4150,3562,7712,48,221,269,3.488070539
28143,"Tunica County, Mississippi",438,337,775,331,277,608,78.45,1593,1317,2910,225,267,492,16.90721649
28145,"Union County, Mississippi",899,784,1683,371,284,655,38.92,4915,4258,9173,211,203,414,4.513245394
28147,"Walthall County, Mississippi",410,419,829,178,345,523,63.09,3030,2506,5536,170,248,418,7.550578035
28149,"Warren County, Mississippi",1557,1315,2872,1004,895,1899,66.12,9147,7734,16881,1023,837,1860,11.0183046
28151,"Washington County, Mississippi",1649,1439,3088,1193,1109,2302,74.55,9338,7270,16608,1362,1008,2370,14.27023121
28153,"Wayne County, Mississippi",675,595,1270,235,211,446,35.12,3850,3319,7169,181,344,525,7.323197099
28155,"Webster County, Mississippi",265,257,522,84,149,233,44.64,2018,1724,3742,55,63,118,3.153393907
28157,"Wilkinson County, Mississippi",234,527,761,162,465,627,82.39,1796,1540,3336,239,302,541,16.21702638
28159,"Winston County, Mississippi",549,476,1025,309,246,555,54.15,3930,3206,7136,323,276,599,8.394058296
28161,"Yalobusha County, Mississippi",349,183,532,189,126,315,59.21,2637,2229,4866,112,161,273,5.610357583
28163,"Yazoo County, Mississippi",775,1206,1981,526,926,1452,73.30,4408,3913,8321,635,883,1518,18.24299964
29001,"Adair County, Missouri",714,688,1402,336,324,660,47.08,4124,3507,7631,289,184,473,6.198401258
29003,"Andrew County, Missouri",416,395,811,238,212,450,55.49,3598,3177,6775,57,116,173,2.553505535
29005,"Atchison County, Missouri",138,121,259,68,59,127,49.03,1290,1197,2487,34,59,93,3.739445115
29007,"Audrain County, Missouri",1010,671,1681,463,363,826,49.14,5063,4121,9184,152,300,452,4.921602787
29009,"Barry County, Missouri",949,864,1813,436,507,943,52.01,7473,7008,14481,347,277,624,4.309094676
29011,"Barton County, Missouri",280,281,561,80,85,165,29.41,2521,2218,4739,60,67,127,2.679890272
29013,"Bates County, Missouri",476,426,902,179,121,300,33.26,3521,3110,6631,109,162,271,4.086864726
29015,"Benton County, Missouri",353,344,697,71,169,240,34.43,5129,4979,10108,126,184,310,3.066877721
29017,"Bollinger County, Missouri",315,315,630,84,178,262,41.59,2473,2401,4874,66,220,286,5.867870332
29019,"Boone County, Missouri",6797,7118,13915,3574,4641,8215,59.04,23827,20157,43984,1514,1405,2919,6.636504183
29021,"Buchanan County, Missouri",2903,3265,6168,1531,2042,3573,57.93,16133,13919,30052,1029,1290,2319,7.716624518
29023,"Butler County, Missouri",1258,1190,2448,386,484,870,35.54,8794,7487,16281,431,485,916,5.626190037
29025,"Caldwell County, Missouri",228,208,436,66,100,166,38.07,1851,1759,3610,144,98,242,6.703601108
29027,"Callaway County, Missouri",1329,1519,2848,706,1036,1742,61.17,7709,7364,15073,453,558,1011,6.707357527
29029,"Camden County, Missouri",1087,985,2072,326,463,789,38.08,10950,10630,21580,331,509,840,3.892493049
29031,"Cape Girardeau County, Missouri",2500,2532,5032,1304,1575,2879,57.21,14111,11926,26037,481,868,1349,5.181088451
29033,"Carroll County, Missouri",221,206,427,100,147,247,57.85,1950,1736,3686,107,140,247,6.701030928
29035,"Carter County, Missouri",159,155,314,26,60,86,27.39,1278,1161,2439,38,130,168,6.888068881
29037,"Cass County, Missouri",2722,2756,5478,1154,1503,2657,48.50,18489,16116,34605,523,670,1193,3.447478688
29039,"Cedar County, Missouri",356,283,639,61,67,128,20.03,3113,2919,6032,111,109,220,3.647214854
29041,"Chariton County, Missouri",182,177,359,45,113,158,44.01,1819,1628,3447,111,90,201,5.831157528
29043,"Christian County, Missouri",2574,2273,4847,894,958,1852,38.21,13619,12072,25691,308,321,629,2.448328208
29045,"Clark County, Missouri",154,188,342,32,130,162,47.37,1465,1367,2832,21,90,111,3.919491525
29047,"Clay County, Missouri",8149,7757,15906,3696,4594,8290,52.12,37887,32633,70520,1881,1821,3702,5.249574589
29049,"Clinton County, Missouri",535,539,1074,188,262,450,41.90,3943,3860,7803,109,146,255,3.267973856
29051,"Cole County, Missouri",2416,2812,5228,1084,1970,3054,58.42,13535,12059,25594,722,1120,1842,7.196999297
29053,"Cooper County, Missouri",469,745,1214,193,466,659,54.28,3358,3030,6388,216,152,368,5.760801503
29055,"Crawford County, Missouri",708,708,1416,267,347,614,43.36,4942,4522,9464,115,302,417,4.406170752
29057,"Dade County, Missouri",150,154,304,31,68,99,32.57,1811,1676,3487,65,100,165,4.731861199
29059,"Dallas County, Missouri",428,405,833,154,116,270,32.41,3449,3335,6784,32,114,146,2.152122642
29061,"Daviess County, Missouri",202,194,396,81,128,209,52.78,1652,1595,3247,56,61,117,3.603326147
29063,"DeKalb County, Missouri",234,749,983,73,556,629,63.99,2000,2490,4490,57,319,376,8.374164811
29065,"Dent County, Missouri",402,399,801,160,216,376,46.94,3339,3053,6392,103,102,205,3.207133917
29067,"Douglas County, Missouri",330,331,661,103,186,289,43.72,3136,2956,6092,141,115,256,4.202232436
29069,"Dunklin County, Missouri",810,793,1603,194,373,567,35.37,6315,5351,11666,276,473,749,6.420366878
29071,"Franklin County, Missouri",3120,3079,6199,1197,1684,2881,46.48,19246,17434,36680,480,965,1445,3.939476554
29073,"Gasconade County, Missouri",343,350,693,165,205,370,53.39,3459,3136,6595,101,164,265,4.018195603
29075,"Gentry County, Missouri",192,191,383,46,61,107,27.94,1453,1233,2686,69,44,113,4.206999255
29077,"Greene County, Missouri",10362,10640,21002,5136,6314,11450,54.52,50710,41818,92528,2220,2570,4790,5.176811344
29079,"Grundy County, Missouri",290,344,634,60,121,181,28.55,2292,1872,4164,110,93,203,4.875120077
29081,"Harrison County, Missouri",275,246,521,59,111,170,32.63,1921,1733,3654,33,85,118,3.229337712
29083,"Henry County, Missouri",579,586,1165,242,263,505,43.35,4877,4291,9168,130,211,341,3.719458988
29085,"Hickory County, Missouri",149,162,311,42,72,114,36.66,2754,2490,5244,31,86,117,2.231121281
29087,"Holt County, Missouri",111,131,242,36,35,71,29.34,1110,1019,2129,21,68,89,4.180366369
29089,"Howard County, Missouri",280,271,551,65,114,179,32.49,1982,1812,3794,198,180,378,9.963099631
29091,"Howell County, Missouri",1158,1154,2312,403,486,889,38.45,8298,6952,15250,284,340,624,4.091803279
29093,"Iron County, Missouri",253,258,511,77,99,176,34.44,2227,2076,4303,76,161,237,5.507785266
29095,"Jackson County, Missouri",26874,25686,52560,15728,16726,32454,61.75,120295,100005,220300,12013,11390,23403,10.62324103
29097,"Jasper County, Missouri",4046,4208,8254,1584,2112,3696,44.78,20087,17141,37228,717,1289,2006,5.38841732
29099,"Jefferson County, Missouri",6773,6833,13606,2918,3731,6649,48.87,38348,35348,73696,1506,1812,3318,4.502279635
29101,"Johnson County, Missouri",1912,2216,4128,493,1174,1667,40.38,7418,7120,14538,285,309,594,4.085843995
29103,"Knox County, Missouri",95,99,194,24,32,56,28.87,883,809,1692,20,71,91,5.378250591
29105,"Laclede County, Missouri",1168,990,2158,424,387,811,37.58,6739,6069,12808,101,271,372,2.904434728
29107,"Lafayette County, Missouri",913,996,1909,206,402,608,31.85,6682,5950,12632,286,326,612,4.844838505
29109,"Lawrence County, Missouri",1057,993,2050,345,404,749,36.54,7296,6619,13915,266,347,613,4.405318002
29111,"Lewis County, Missouri",252,272,524,147,135,282,53.82,1979,1800,3779,69,192,261,6.906589045
29113,"Lincoln County, Missouri",1735,1530,3265,679,775,1454,44.53,8580,8102,16682,360,589,949,5.688766335
29115,"Linn County, Missouri",304,291,595,97,177,274,46.05,2845,2339,5184,167,123,290,5.594135802
29117,"Livingston County, Missouri",517,400,917,284,213,497,54.20,3286,2623,5909,118,124,242,4.095447622
29119,"McDonald County, Missouri",602,553,1155,187,348,535,46.32,3857,3653,7510,113,146,259,3.44873502
29121,"Macon County, Missouri",423,404,827,154,123,277,33.49,3382,2954,6336,190,116,306,4.829545455
29123,"Madison County, Missouri",341,332,673,76,126,202,30.01,2586,2293,4879,68,186,254,5.205984833
29125,"Maries County, Missouri",232,206,438,60,53,113,25.80,1905,1858,3763,84,55,139,3.693861281
29127,"Marion County, Missouri",908,799,1707,454,484,938,54.95,5736,4892,10628,276,494,770,7.245013173
29129,"Mercer County, Missouri",78,86,164,42,24,66,40.24,799,781,1580,35,80,115,7.278481013
29131,"Miller County, Missouri",698,727,1425,186,335,521,36.56,4947,4501,9448,276,290,566,5.990685859
29133,"Mississippi County, Missouri",429,582,1011,289,401,690,68.25,2567,2524,5091,189,230,419,8.230210175
29135,"Moniteau County, Missouri",424,533,957,150,332,482,50.37,2625,2589,5214,70,132,202,3.874184887
29137,"Monroe County, Missouri",202,209,411,46,112,158,38.44,1959,1797,3756,71,118,189,5.031948882
29139,"Montgomery County, Missouri",338,294,632,138,114,252,39.87,2608,2356,4964,96,132,228,4.593070105
29141,"Morgan County, Missouri",445,466,911,80,319,399,43.80,4686,4539,9225,301,331,632,6.850948509
29143,"New Madrid County, Missouri",549,440,989,243,198,441,44.59,3901,3229,7130,349,204,553,7.755960729
29145,"Newton County, Missouri",1607,1596,3203,477,769,1246,38.90,11306,10082,21388,355,458,813,3.801196933
29147,"Nodaway County, Missouri",651,772,1423,314,376,690,48.49,3528,3201,6729,205,223,428,6.360529053
29149,"Oregon County, Missouri",232,225,457,93,113,206,45.08,2475,2376,4851,62,149,211,4.349618635
29151,"Osage County, Missouri",334,384,718,156,216,372,51.81,2494,2450,4944,76,122,198,4.004854369
29153,"Ozark County, Missouri",200,187,387,61,91,152,39.28,2371,2453,4824,8,90,98,2.031509121
29155,"Pemiscot County, Missouri",540,419,959,299,173,472,49.22,3408,2760,6168,136,233,369,5.982490272
29157,"Perry County, Missouri",527,548,1075,113,273,386,35.91,3671,3316,6987,57,177,234,3.349076857
29159,"Pettis County, Missouri",1370,1448,2818,549,665,1214,43.08,7728,6778,14506,327,583,910,6.273266235
29161,"Phelps County, Missouri",1270,1467,2737,537,913,1450,52.98,7849,6833,14682,243,453,696,4.74049857
29163,"Pike County, Missouri",520,791,1311,122,345,467,35.62,3321,3388,6709,124,257,381,5.678938739
29165,"Platte County, Missouri",3039,3138,6177,1394,1919,3313,53.63,16018,14343,30361,632,554,1186,3.906327196
29167,"Polk County, Missouri",811,815,1626,337,341,678,41.70,5875,5175,11050,90,270,360,3.257918552
29169,"Pulaski County, Missouri",2039,3175,5214,503,1530,2033,38.99,5514,4935,10449,194,291,485,4.641592497
29171,"Putnam County, Missouri",101,118,219,49,29,78,35.62,1137,1041,2178,40,40,80,3.673094582
29173,"Ralls County, Missouri",246,245,491,137,159,296,60.29,2176,2133,4309,95,111,206,4.780691576
29175,"Randolph County, Missouri",686,1002,1688,389,632,1021,60.49,4635,4077,8712,204,196,400,4.591368228
29177,"Ray County, Missouri",619,586,1205,393,299,692,57.43,4463,4225,8688,86,144,230,2.64732965
29179,"Reynolds County, Missouri",166,145,311,63,67,130,41.80,1454,1473,2927,73,93,166,5.671335839
29181,"Ripley County, Missouri",354,354,708,111,111,222,31.36,2949,2674,5623,177,99,276,4.90841188
29183,"St. Charles County, Missouri",11735,11670,23405,5466,6876,12342,52.73,63378,55681,119059,2509,2241,4750,3.989618592
29185,"St. Clair County, Missouri",214,234,448,84,84,168,37.50,2370,2296,4666,25,171,196,4.200600086
29186,"Ste. Genevieve County, Missouri",419,449,868,58,304,362,41.71,3643,3567,7210,49,248,297,4.119278779
29187,"St. Francois County, Missouri",1891,2981,4872,499,1698,2197,45.09,11493,11187,22680,333,1146,1479,6.521164021
29189,"St. Louis County, Missouri",32989,30944,63933,20363,21916,42279,66.13,205710,164135,369845,17921,13657,31578,8.538171396
29195,"Saline County, Missouri",666,717,1383,270,452,722,52.21,4520,3928,8448,220,275,495,5.859375
29197,"Schuyler County, Missouri",97,109,206,31,63,94,45.63,912,819,1731,34,22,56,3.235124206
29199,"Scotland County, Missouri",130,132,262,7,66,73,27.86,961,832,1793,41,49,90,5.019520357
29201,"Scott County, Missouri",1208,1103,2311,596,657,1253,54.22,7637,6461,14098,321,285,606,4.298482054
29203,"Shannon County, Missouri",233,208,441,12,117,129,29.25,1840,1666,3506,101,185,286,8.157444381
29205,"Shelby County, Missouri",167,149,316,56,71,127,40.19,1349,1245,2594,52,81,133,5.127216654
29207,"Stoddard County, Missouri",833,834,1667,247,436,683,40.97,6315,5305,11620,196,204,400,3.442340792
29209,"Stone County, Missouri",570,606,1176,171,276,447,38.01,8373,7824,16197,215,223,438,2.704204482
29211,"Sullivan County, Missouri",154,177,331,41,66,107,32.33,1283,1256,2539,20,71,91,3.584088224
29213,"Taney County, Missouri",1463,1664,3127,584,766,1350,43.17,11081,9565,20646,429,443,872,4.223578417
29215,"Texas County, Missouri",613,831,1444,186,494,680,47.09,5312,5069,10381,233,386,619,5.962816684
29217,"Vernon County, Missouri",560,529,1089,169,222,391,35.90,4222,3666,7888,95,188,283,3.587728195
29219,"Warren County, Missouri",1121,1148,2269,416,581,997,43.94,6216,5943,12159,124,268,392,3.223949338
29221,"Washington County, Missouri",695,839,1534,306,388,694,45.24,4503,4454,8957,119,347,466,5.202634811
29223,"Wayne County, Missouri",319,290,609,165,144,309,50.74,3054,2917,5971,108,58,166,2.780103835
29225,"Webster County, Missouri",962,1020,1982,165,474,639,32.24,6217,5831,12048,120,284,404,3.353253652
29227,"Worth County, Missouri",37,17,54,0,3,3,5.56,525,463,988,17,6,23,2.327935223
29229,"Wright County, Missouri",455,462,917,172,200,372,40.57,3798,3549,7347,183,146,329,4.478018239
29510,"St. Louis city, Missouri",17021,15425,32446,12334,12207,24541,75.64,52519,43271,95790,10153,10132,20285,21.176532
30001,"Beaverhead County, Montana",214,225,439,107,144,251,57.18,1936,1964,3900,100,118,218,5.58974359
30003,"Big Horn County, Montana",450,399,849,236,284,520,61.25,1910,1782,3692,133,180,313,8.477789816
30005,"Blaine County, Montana",192,190,382,118,116,234,61.26,1161,1039,2200,75,115,190,8.636363636
30007,"Broadwater County, Montana",109,173,282,6,80,86,30.50,1198,1302,2500,38,101,139,5.56
30009,"Carbon County, Montana",203,248,451,93,166,259,57.43,2449,2460,4909,71,117,188,3.82970055
30011,"Carter County, Montana",19,28,47,0,25,25,53.19,308,287,595,28,8,36,6.050420168
30013,"Cascade County, Montana",2881,3130,6011,1159,1533,2692,44.78,15816,14196,30012,744,1247,1991,6.634013061
30015,"Chouteau County, Montana",123,154,277,25,88,113,40.79,1185,1165,2350,55,91,146,6.212765957
30017,"Custer County, Montana",402,392,794,148,222,370,46.60,2482,2296,4778,86,70,156,3.26496442
30019,"Daniels County, Montana",27,49,76,0,17,17,22.37,494,432,926,17,28,45,4.859611231
30021,"Dawson County, Montana",232,361,593,95,158,253,42.66,1859,1791,3650,28,67,95,2.602739726
30023,"Deer Lodge County, Montana",206,258,464,104,108,212,45.69,2039,2059,4098,76,270,346,8.443142997
30025,"Fallon County, Montana",73,118,191,17,76,93,48.69,599,583,1182,13,24,37,3.130287648
30027,"Fergus County, Montana",264,314,578,123,218,341,59.00,2879,2669,5548,117,132,249,4.488103821
30029,"Flathead County, Montana",2535,2502,5037,927,1344,2271,45.09,18849,17686,36535,805,1156,1961,5.367455864
30031,"Gallatin County, Montana",3564,4183,7747,1536,2925,4461,57.58,13415,13016,26431,584,874,1458,5.516249858
30033,"Garfield County, Montana",37,8,45,10,0,10,22.22,228,240,468,0,11,11,2.35042735
30035,"Glacier County, Montana",457,385,842,252,247,499,59.26,2091,1834,3925,206,306,512,13.04458599
30037,"Golden Valley County, Montana",19,6,25,0,4,4,16.00,204,198,402,6,6,12,2.985074627
30039,"Granite County, Montana",34,54,88,18,22,40,45.45,854,886,1740,17,52,69,3.965517241
30041,"Hill County, Montana",548,594,1142,155,383,538,47.11,2868,2632,5500,169,168,337,6.127272727
30043,"Jefferson County, Montana",195,212,407,97,126,223,54.79,2542,2716,5258,87,114,201,3.822746291
30045,"Judith Basin County, Montana",29,30,59,20,24,44,74.58,524,496,1020,8,38,46,4.509803922
30047,"Lake County, Montana",744,721,1465,266,317,583,39.80,6134,5704,11838,310,351,661,5.583713465
30049,"Lewis and Clark County, Montana",1980,1831,3811,787,1255,2042,53.58,13167,11951,25118,736,1279,2015,8.02213552
30051,"Liberty County, Montana",62,68,130,21,52,73,56.15,530,442,972,8,14,22,2.263374486
30053,"Lincoln County, Montana",398,364,762,131,222,353,46.33,4870,4953,9823,220,351,571,5.81288812
30055,"McCone County, Montana",46,61,107,0,51,51,47.66,421,479,900,15,47,62,6.888888889
30057,"Madison County, Montana",148,177,325,60,121,181,55.69,1937,2064,4001,63,215,278,6.948262934
30059,"Meagher County, Montana",49,45,94,29,16,45,47.87,458,505,963,16,34,50,5.192107996
30061,"Mineral County, Montana",56,62,118,21,57,78,66.10,1073,1134,2207,26,85,111,5.029451744
30063,"Missoula County, Montana",4233,4760,8993,2219,3284,5503,61.19,18391,17084,35475,973,1175,2148,6.054968288
30065,"Musselshell County, Montana",80,94,174,25,71,96,55.17,1102,1170,2272,20,61,81,3.565140845
30067,"Park County, Montana",368,371,739,110,270,380,51.42,3520,3394,6914,174,373,547,7.911483946
30069,"Petroleum County, Montana",6,0,6,0,0,0,0.00,114,118,232,3,4,7,3.017241379
30071,"Phillips County, Montana",79,73,152,34,37,71,46.71,986,922,1908,40,69,109,5.71278826
30073,"Pondera County, Montana",168,113,281,87,59,146,51.96,1305,1225,2530,74,110,184,7.272727273
30075,"Powder River County, Montana",36,44,80,29,32,61,76.25,452,428,880,17,19,36,4.090909091
30077,"Powell County, Montana",112,308,420,28,252,280,66.67,1311,1656,2967,14,205,219,7.381193124
30079,"Prairie County, Montana",4,36,40,4,27,31,77.50,349,341,690,26,15,41,5.942028986
30081,"Ravalli County, Montana",958,868,1826,439,500,939,51.42,9647,8882,18529,423,545,968,5.224243078
30083,"Richland County, Montana",337,365,702,185,224,409,58.26,1909,2025,3934,47,161,208,5.287239451
30085,"Roosevelt County, Montana",364,387,751,256,270,526,70.04,1701,1475,3176,138,225,363,11.42947103
30087,"Rosebud County, Montana",267,271,538,149,157,306,56.88,1624,1593,3217,65,112,177,5.502020516
30089,"Sanders County, Montana",223,185,408,57,101,158,38.73,2890,3049,5939,75,149,224,3.771678734
30091,"Sheridan County, Montana",78,94,172,42,59,101,58.72,820,847,1667,17,89,106,6.358728254
30093,"Silver Bow County, Montana",805,1036,1841,421,619,1040,56.49,7013,6448,13461,361,687,1048,7.785454275
30095,"Stillwater County, Montana",188,189,377,63,90,153,40.58,2093,2175,4268,21,110,131,3.069353327
30097,"Sweet Grass County, Montana",52,112,164,0,76,76,46.34,797,757,1554,22,46,68,4.375804376
30099,"Teton County, Montana",139,131,270,32,89,121,44.81,1344,1303,2647,34,68,102,3.853418965
30101,"Toole County, Montana",73,219,292,36,201,237,81.16,950,1118,2068,27,123,150,7.253384913
30103,"Treasure County, Montana",13,15,28,3,2,5,17.86,201,205,406,0,18,18,4.433497537
30105,"Valley County, Montana",183,158,341,108,83,191,56.01,1712,1657,3369,87,142,229,6.797269219
30107,"Wheatland County, Montana",73,35,108,20,22,42,38.89,513,545,1058,47,94,141,13.32703214
30109,"Wibaux County, Montana",39,17,56,11,7,18,32.14,238,242,480,11,37,48,10
30111,"Yellowstone County, Montana",5359,5275,10634,2669,3316,5985,56.28,28549,25254,53803,1246,2042,3288,6.111183391
31001,"Adams County, Nebraska",885,977,1862,321,467,788,42.32,5962,5303,11265,316,333,649,5.761207279
31003,"Antelope County, Nebraska",139,157,296,28,44,72,24.32,1559,1402,2961,40,51,91,3.073286052
31005,"Arthur County, Nebraska",10,9,19,0,2,2,10.53,85,87,172,2,11,13,7.558139535
31007,"Banner County, Nebraska",14,28,42,7,19,26,61.90,173,198,371,6,7,13,3.504043127
31009,"Blaine County, Nebraska",13,17,30,6,15,21,70.00,104,107,211,0,10,10,4.739336493
31011,"Boone County, Nebraska",118,137,255,51,101,152,59.61,1242,1151,2393,28,68,96,4.011700794
31013,"Box Butte County, Nebraska",331,119,450,164,47,211,46.89,2326,2110,4436,81,102,183,4.125338142
31015,"Boyd County, Nebraska",33,29,62,4,8,12,19.35,544,510,1054,20,51,71,6.736242884
31017,"Brown County, Nebraska",69,94,163,12,24,36,22.09,798,680,1478,29,30,59,3.99188092
31019,"Buffalo County, Nebraska",1545,1871,3416,618,913,1531,44.82,7641,6558,14199,322,510,832,5.859567575
31021,"Burt County, Nebraska",148,143,291,35,54,89,30.58,1643,1508,3151,61,132,193,6.12503967
31023,"Butler County, Nebraska",159,202,361,23,149,172,47.65,1835,1681,3516,52,152,204,5.802047782
31025,"Cass County, Nebraska",578,635,1213,149,272,421,34.71,4977,4699,9676,132,280,412,4.257957834
31027,"Cedar County, Nebraska",161,212,373,24,124,148,39.68,1932,1836,3768,43,120,163,4.325902335
31029,"Chase County, Nebraska",112,92,204,18,35,53,25.98,926,797,1723,17,43,60,3.482298317
31031,"Cherry County, Nebraska",219,131,350,35,69,104,29.71,1352,1166,2518,43,75,118,4.686258936
31033,"Cheyenne County, Nebraska",335,352,687,120,208,328,47.74,1984,1762,3746,84,111,195,5.205552589
31035,"Clay County, Nebraska",138,170,308,26,66,92,29.87,1358,1311,2669,28,70,98,3.671787186
31037,"Colfax County, Nebraska",310,343,653,118,214,332,50.84,1714,1649,3363,72,160,232,6.898602438
31039,"Cuming County, Nebraska",191,185,376,64,79,143,38.03,1947,1828,3775,45,132,177,4.688741722
31041,"Custer County, Nebraska",239,260,499,48,65,113,22.65,2432,2220,4652,59,103,162,3.482373173
31043,"Dakota County, Nebraska",684,763,1447,312,484,796,55.01,3272,2886,6158,84,207,291,4.725560247
31045,"Dawes County, Nebraska",294,297,591,112,189,301,50.93,1768,1509,3277,38,61,99,3.021055844
31047,"Dawson County, Nebraska",705,819,1524,263,429,692,45.41,4109,3887,7996,215,307,522,6.528264132
31049,"Deuel County, Nebraska",40,31,71,22,22,44,61.97,452,416,868,19,40,59,6.797235023
31051,"Dixon County, Nebraska",137,151,288,35,56,91,31.60,1250,1146,2396,27,113,140,5.843071786
31053,"Dodge County, Nebraska",1072,1128,2200,568,636,1204,54.73,7414,6489,13903,322,334,656,4.718406099
31055,"Douglas County, Nebraska",22211,21926,44137,12189,14295,26484,60.00,82813,71116,153929,7534,7491,15025,9.760993705
31057,"Dundy County, Nebraska",21,39,60,0,30,30,50.00,478,453,931,8,37,45,4.833512352
31059,"Fillmore County, Nebraska",116,126,242,34,69,103,42.56,1390,1251,2641,29,73,102,3.862173419
31061,"Franklin County, Nebraska",61,68,129,19,24,43,33.33,793,758,1551,9,38,47,3.03030303
31063,"Frontier County, Nebraska",46,57,103,7,19,26,25.24,553,548,1101,3,35,38,3.451407811
31065,"Furnas County, Nebraska",100,112,212,30,57,87,41.04,1218,1054,2272,49,35,84,3.697183099
31067,"Gage County, Nebraska",510,560,1070,163,315,478,44.67,4916,4311,9227,296,475,771,8.355911997
31069,"Garden County, Nebraska",50,59,109,2,15,17,15.60,518,503,1021,6,31,37,3.623898139
31071,"Garfield County, Nebraska",36,51,87,25,40,65,74.71,502,490,992,5,50,55,5.544354839
31073,"Gosper County, Nebraska",59,21,80,22,2,24,30.00,484,371,855,16,25,41,4.795321637
31075,"Grant County, Nebraska",16,16,32,5,6,11,34.38,137,162,299,7,13,20,6.688963211
31077,"Greeley County, Nebraska",61,69,130,24,39,63,48.46,558,564,1122,21,93,114,10.16042781
31079,"Hall County, Nebraska",1903,2022,3925,760,1040,1800,45.86,10193,9208,19401,368,657,1025,5.283232823
31081,"Hamilton County, Nebraska",212,234,446,42,58,100,22.42,1920,1712,3632,116,70,186,5.121145374
31083,"Harlan County, Nebraska",60,85,145,25,49,74,51.03,823,901,1724,21,66,87,5.046403712
31085,"Hayes County, Nebraska",41,31,72,15,13,28,38.89,256,294,550,2,7,9,1.636363636
31087,"Hitchcock County, Nebraska",61,81,142,33,48,81,57.04,705,668,1373,17,29,46,3.350327749
31089,"Holt County, Nebraska",219,250,469,54,84,138,29.42,2411,2185,4596,80,203,283,6.157528285
31091,"Hooker County, Nebraska",15,12,27,3,9,12,44.44,210,190,400,3,7,10,2.5
31093,"Howard County, Nebraska",135,142,277,51,55,106,38.27,1332,1271,2603,55,64,119,4.571648098
31095,"Jefferson County, Nebraska",191,175,366,51,75,126,34.43,1785,1642,3427,40,115,155,4.522906332
31097,"Johnson County, Nebraska",83,250,333,16,163,179,53.75,973,1095,2068,33,103,136,6.576402321
31099,"Kearney County, Nebraska",183,149,332,27,55,82,24.70,1389,1236,2625,59,57,116,4.419047619
31101,"Keith County, Nebraska",200,177,377,28,61,89,23.61,2001,1867,3868,45,123,168,4.343329886
31103,"Keya Paha County, Nebraska",6,23,29,1,3,4,13.79,197,226,423,9,19,28,6.619385343
31105,"Kimball County, Nebraska",133,82,215,19,23,42,19.53,897,807,1704,32,34,66,3.873239437
31107,"Knox County, Nebraska",155,171,326,60,72,132,40.49,2132,1841,3973,69,139,208,5.235338535
31109,"Lancaster County, Nebraska",10580,11846,22426,5233,6995,12228,54.53,45604,40102,85706,2712,3587,6299,7.349543789
31111,"Lincoln County, Nebraska",1107,1048,2155,330,419,749,34.76,7113,6437,13550,394,405,799,5.896678967
31113,"Logan County, Nebraska",19,10,29,5,7,12,41.38,170,148,318,0,7,7,2.201257862
31115,"Loup County, Nebraska",9,9,18,4,7,11,61.11,123,134,257,2,9,11,4.280155642
31117,"McPherson County, Nebraska",15,17,32,1,9,10,31.25,94,89,183,3,1,4,2.18579235
31119,"Madison County, Nebraska",1103,1164,2267,385,738,1123,49.54,6558,5785,12343,386,303,689,5.582111318
31121,"Merrick County, Nebraska",181,175,356,108,102,210,58.99,1688,1528,3216,26,105,131,4.073383085
31123,"Morrill County, Nebraska",117,118,235,28,70,98,41.70,1000,994,1994,10,84,94,4.714142427
31125,"Nance County, Nebraska",80,96,176,5,41,46,26.14,837,779,1616,60,88,148,9.158415842
31127,"Nemaha County, Nebraska",201,260,461,40,156,196,42.52,1507,1312,2819,52,84,136,4.824405818
31129,"Nuckolls County, Nebraska",94,89,183,24,40,64,34.97,1159,1029,2188,18,81,99,4.524680073
31131,"Otoe County, Nebraska",366,437,803,142,239,381,47.45,3397,3015,6412,63,154,217,3.384279476
31133,"Pawnee County, Nebraska",43,57,100,15,14,29,29.00,692,646,1338,23,17,40,2.989536622
31135,"Perkins County, Nebraska",81,78,159,43,57,100,62.89,667,604,1271,1,19,20,1.573564123
31137,"Phelps County, Nebraska",251,244,495,108,159,267,53.94,1959,1724,3683,74,43,117,3.176758078
31139,"Pierce County, Nebraska",176,185,361,26,76,102,28.25,1458,1382,2840,27,78,105,3.697183099
31141,"Platte County, Nebraska",893,989,1882,300,484,784,41.66,6001,5503,11504,238,353,591,5.137343533
31143,"Polk County, Nebraska",93,104,197,14,63,77,39.09,1226,1120,2346,41,88,129,5.498721228
31145,"Red Willow County, Nebraska",249,313,562,135,155,290,51.60,2326,2112,4438,124,95,219,4.93465525
31147,"Richardson County, Nebraska",265,184,449,80,105,185,41.20,2020,1809,3829,96,106,202,5.275528859
31149,"Rock County, Nebraska",28,51,79,2,24,26,32.91,394,345,739,15,19,34,4.600811908
31151,"Saline County, Nebraska",261,277,538,78,166,244,45.35,2366,2316,4682,109,301,410,8.756941478
31153,"Sarpy County, Nebraska",6217,6378,12595,2286,3389,5675,45.06,23067,20700,43767,930,995,1925,4.39829095
31155,"Saunders County, Nebraska",503,519,1022,142,251,393,38.45,4059,3905,7964,127,274,401,5.035158212
31157,"Scotts Bluff County, Nebraska",1182,1043,2225,535,582,1117,50.20,7487,6291,13778,453,475,928,6.735375236
31159,"Seward County, Nebraska",371,442,813,80,201,281,34.56,3132,2902,6034,122,237,359,5.949618827
31161,"Sheridan County, Nebraska",127,107,234,69,61,130,55.56,1316,1156,2472,99,78,177,7.160194175
31163,"Sherman County, Nebraska",58,54,112,23,33,56,50.00,796,724,1520,55,51,106,6.973684211
31165,"Sioux County, Nebraska",26,31,57,4,7,11,19.30,303,329,632,11,22,33,5.221518987
31167,"Stanton County, Nebraska",186,158,344,43,70,113,32.85,1160,1075,2235,5,43,48,2.147651007
31169,"Thayer County, Nebraska",92,102,194,10,25,35,18.04,1331,1210,2541,60,117,177,6.965761511
31171,"Thomas County, Nebraska",4,19,23,2,6,8,34.78,168,169,337,5,9,14,4.154302671
31173,"Thurston County, Nebraska",179,209,388,116,135,251,64.69,1032,936,1968,101,123,224,11.38211382
31175,"Valley County, Nebraska",91,88,179,26,36,62,34.64,1014,939,1953,38,44,82,4.198668715
31177,"Washington County, Nebraska",437,463,900,175,259,434,48.22,3989,3639,7628,78,129,207,2.713686418
31179,"Wayne County, Nebraska",219,245,464,82,70,152,32.76,1462,1406,2868,68,45,113,3.940027894
31181,"Webster County, Nebraska",65,81,146,26,34,60,41.10,923,808,1731,59,106,165,9.532062392
31183,"Wheeler County, Nebraska",20,13,33,7,9,16,48.48,209,197,406,14,13,27,6.650246305
31185,"York County, Nebraska",428,396,824,216,161,377,45.75,2968,2557,5525,141,127,268,4.850678733
32001,"Churchill County, Nevada",733,720,1453,220,423,643,44.25,4552,4397,8949,173,332,505,5.643088613
32003,"Clark County, Nevada",72917,74896,147813,39760,49566,89326,60.43,314022,292987,607009,22516,29929,52445,8.639904845
32005,"Douglas County, Nevada",1044,1085,2129,413,521,934,43.87,11492,11160,22652,353,765,1118,4.93554653
32007,"Elko County, Nevada",1742,1988,3730,502,1130,1632,43.75,6856,7272,14128,246,438,684,4.841449604
32009,"Esmeralda County, Nevada",24,41,65,8,28,36,55.38,249,237,486,40,27,67,13.78600823
32011,"Eureka County, Nevada",23,46,69,0,2,2,2.90,305,321,626,0,27,27,4.313099042
32013,"Humboldt County, Nevada",524,593,1117,224,340,564,50.49,2520,2783,5303,103,183,286,5.393173675
32015,"Lander County, Nevada",219,187,406,103,55,158,38.92,943,1226,2169,64,58,122,5.624711849
32017,"Lincoln County, Nevada",67,169,236,16,94,110,46.61,847,970,1817,0,58,58,3.192074849
32019,"Lyon County, Nevada",1392,1313,2705,665,773,1438,53.16,10473,10238,20711,390,729,1119,5.402925981
32021,"Mineral County, Nevada",59,203,262,29,156,185,70.61,1020,1064,2084,15,131,146,7.005758157
32023,"Nye County, Nevada",831,916,1747,545,454,999,57.18,10753,10909,21662,181,492,673,3.106823008
32027,"Pershing County, Nevada",120,387,507,19,221,240,47.34,918,1306,2224,7,111,118,5.305755396
32029,"Storey County, Nevada",55,32,87,17,0,17,19.54,1322,1097,2419,40,88,128,5.291442745
32031,"Washoe County, Nevada",15182,16259,31441,7011,10654,17665,56.18,73952,70385,144337,4199,6991,11190,7.752689885
32033,"White Pine County, Nevada",197,459,656,69,268,337,51.37,1710,1940,3650,121,195,316,8.657534247
32510,"Carson City, Nevada",1382,1854,3236,644,1263,1907,58.93,11070,10480,21550,376,1135,1511,7.011600928
33001,"Belknap County, New Hampshire",1538,1498,3036,742,1093,1835,60.44,13613,12459,26072,559,589,1148,4.403191163
33003,"Carroll County, New Hampshire",969,959,1928,496,474,970,50.31,12085,11491,23576,488,666,1154,4.89480828
33005,"Cheshire County, New Hampshire",2229,2186,4415,1241,1565,2806,63.56,15570,14015,29585,1213,1152,2365,7.993915836
33007,"Coos County, New Hampshire",699,890,1589,318,563,881,55.44,7649,7269,14918,401,600,1001,6.710014747
33009,"Grafton County, New Hampshire",2683,2817,5500,1692,2001,3693,67.15,18408,16822,35230,1222,1210,2432,6.903207494
33011,"Hillsborough County, New Hampshire",12432,12696,25128,6762,8959,15721,62.56,72917,66160,139077,4844,5410,10254,7.372894152
33013,"Merrimack County, New Hampshire",3908,4296,8204,2126,3004,5130,62.53,29724,26227,55951,1821,1892,3713,6.636163786
33015,"Rockingham County, New Hampshire",7803,8260,16063,4261,5941,10202,63.51,59059,54170,113229,3061,3200,6261,5.529502159
33017,"Strafford County, New Hampshire",3739,4044,7783,1858,2720,4578,58.82,21623,19191,40814,1443,1453,2896,7.095604449
33019,"Sullivan County, New Hampshire",1092,1069,2161,492,731,1223,56.59,9565,8669,18234,447,625,1072,5.879126906
34001,"Atlantic County, New Jersey",8265,8165,16430,5177,5863,11040,67.19,53584,46148,99732,5860,5234,11094,11.12381182
34003,"Bergen County, New Jersey",25775,25903,51678,16236,20180,36416,70.47,183703,153768,337471,15824,13296,29120,8.628889593
34005,"Burlington County, New Jersey",12896,14009,26905,7976,10726,18702,69.51,87236,74758,161994,6088,5864,11952,7.378051039
34007,"Camden County, New Jersey",17562,17372,34934,11972,13523,25495,72.98,94507,77845,172352,9835,9433,19268,11.17944671
34009,"Cape May County, New Jersey",2316,2676,4992,1263,1738,3001,60.12,24344,20789,45133,1748,1876,3624,8.0296014
34011,"Cumberland County, New Jersey",4955,6494,11449,3217,4933,8150,71.19,26450,23010,49460,3759,2639,6398,12.93570562
34013,"Essex County, New Jersey",26937,26053,52990,19579,21629,41208,77.77,134518,106609,241127,22054,17200,39254,16.27938804
34015,"Gloucester County, New Jersey",8438,8568,17006,5818,6525,12343,72.58,53203,45499,98702,3710,3343,7053,7.145751859
34017,"Hudson County, New Jersey",33861,35228,69089,22344,27007,49351,71.43,97162,79441,176603,13833,12527,26360,14.92613376
34019,"Hunterdon County, New Jersey",2421,2789,5210,1610,2235,3845,73.80,26255,24333,50588,1454,1637,3091,6.110144698
34021,"Mercer County, New Jersey",11146,12140,23286,7186,9092,16278,69.90,66092,55542,121634,6902,6657,13559,11.14737656
34023,"Middlesex County, New Jersey",28251,28120,56371,16415,21102,37517,66.55,142407,122022,264429,12948,12038,24986,9.449039251
34025,"Monmouth County, New Jersey",16268,17191,33459,11126,13391,24517,73.27,126270,108500,234770,9070,9431,18501,7.880478766
34027,"Morris County, New Jersey",12502,13202,25704,8239,10240,18479,71.89,96372,84327,180699,7501,6533,14034,7.766506732
34029,"Ocean County, New Jersey",15570,16233,31803,8358,10623,18981,59.68,132008,105360,237368,8124,7596,15720,6.622628155
34031,"Passaic County, New Jersey",16723,16908,33631,11430,12850,24280,72.20,86276,71971,158247,12353,9491,21844,13.8037372
34033,"Salem County, New Jersey",1871,1874,3745,1074,1328,2402,64.14,13349,11532,24881,1108,1342,2450,9.846871106
34035,"Somerset County, New Jersey",8363,8510,16873,4580,6416,10996,65.17,61374,53109,114483,5171,4754,9925,8.669409432
34037,"Sussex County, New Jersey",3300,3693,6993,1859,2727,4586,65.58,28619,26700,55319,1761,2230,3991,7.214519424
34039,"Union County, New Jersey",16942,17337,34279,11067,13298,24365,71.08,96249,79754,176003,12510,10014,22524,12.79750913
34041,"Warren County, New Jersey",2709,2775,5484,1346,1787,3133,57.13,21593,18732,40325,1441,1689,3130,7.761934284
35001,"Bernalillo County, New Mexico",25672,26168,51840,15179,18147,33326,64.29,118176,100619,218795,10869,11078,21947,10.0308508
35003,"Catron County, New Mexico",84,15,99,80,15,95,95.96,1152,1336,2488,120,232,352,14.14790997
35005,"Chaves County, New Mexico",2087,2173,4260,864,1423,2287,53.69,11389,10072,21461,633,707,1340,6.243884255
35006,"Cibola County, New Mexico",907,982,1889,526,759,1285,68.03,4875,4314,9189,573,610,1183,12.87408858
35007,"Colfax County, New Mexico",332,418,750,200,272,472,62.93,3103,2981,6084,213,433,646,10.61801446
35009,"Curry County, New Mexico",2050,2398,4448,706,1219,1925,43.28,7165,6356,13521,320,428,748,5.532135197
35011,"De Baca County, New Mexico",21,26,47,7,18,25,53.19,458,440,898,86,21,107,11.91536748
35013,"Do�a Ana County, New Mexico",6989,7496,14485,3327,4717,8044,55.53,34084,30215,64299,2157,2088,4245,6.601968926
35015,"Eddy County, New Mexico",1772,1901,3673,848,778,1626,44.27,9663,8961,18624,389,840,1229,6.599012027
35017,"Grant County, New Mexico",700,690,1390,403,419,822,59.14,6960,6418,13378,605,619,1224,9.149349679
35019,"Guadalupe County, New Mexico",96,301,397,91,269,360,90.68,759,904,1663,52,194,246,14.7925436
35021,"Harding County, New Mexico",18,5,23,12,1,13,56.52,211,193,404,3,39,42,10.3960396
35023,"Hidalgo County, New Mexico",153,164,317,42,106,148,46.69,935,900,1835,42,49,91,4.959128065
35025,"Lea County, New Mexico",2283,2612,4895,703,1244,1947,39.78,9417,8930,18347,476,540,1016,5.537690086
35027,"Lincoln County, New Mexico",449,530,979,194,340,534,54.55,5251,4899,10150,294,408,702,6.916256158
35028,"Los Alamos County, New Mexico",367,395,762,222,239,461,60.50,3700,3612,7312,110,141,251,3.432713348
35029,"Luna County, New Mexico",645,703,1348,339,499,838,62.17,4923,4593,9516,321,403,724,7.608238756
35031,"McKinley County, New Mexico",2485,2501,4986,1827,1918,3745,75.11,10909,8807,19716,2131,1793,3924,19.90261716
35033,"Mora County, New Mexico",88,84,172,0,46,46,26.74,1062,1023,2085,42,63,105,5.035971223
35035,"Otero County, New Mexico",2211,2585,4796,748,1101,1849,38.55,11470,10844,22314,719,1040,1759,7.882943444
35037,"Quay County, New Mexico",114,125,239,59,89,148,61.92,2079,1854,3933,143,252,395,10.043224
35039,"Rio Arriba County, New Mexico",1161,1247,2408,701,793,1494,62.04,7695,7069,14764,689,913,1602,10.85071796
35041,"Roosevelt County, New Mexico",568,761,1329,233,410,643,48.38,2925,2590,5515,157,195,352,6.382592928
35043,"Sandoval County, New Mexico",3967,3898,7865,2015,2496,4511,57.36,24860,21673,46533,2488,1963,4451,9.565254765
35045,"San Juan County, New Mexico",4394,4725,9119,2571,2950,5521,60.54,20441,18559,39000,2015,1903,3918,10.04615385
35047,"San Miguel County, New Mexico",816,856,1672,534,697,1231,73.62,5946,5450,11396,961,841,1802,15.81256581
35049,"Santa Fe County, New Mexico",3850,4230,8080,2491,2992,5483,67.86,33036,28242,61278,3305,3125,6430,10.49316231
35051,"Sierra County, New Mexico",190,173,363,147,75,222,61.16,3499,3376,6875,177,340,517,7.52
35053,"Socorro County, New Mexico",426,517,943,364,456,820,86.96,3118,3241,6359,328,277,605,9.51407454
35055,"Taos County, New Mexico",772,829,1601,461,521,982,61.34,7988,6958,14946,950,961,1911,12.78602971
35057,"Torrance County, New Mexico",352,556,908,192,247,439,48.35,3174,3275,6449,83,206,289,4.481314933
35059,"Union County, New Mexico",82,181,263,35,120,155,58.94,829,816,1645,66,82,148,8.996960486
35061,"Valencia County, New Mexico",2178,2381,4559,1051,1439,2490,54.62,13672,12874,26546,907,1230,2137,8.050177051
36001,"Albany County, New York",10366,10447,20813,7257,8351,15608,74.99,58396,48786,107182,7494,7598,15092,14.08072251
36003,"Allegany County, New York",1235,1274,2509,535,746,1281,51.06,9106,8649,17755,509,778,1287,7.248662349
36005,"Bronx County, New York",57146,52475,109621,39619,40920,80539,73.47,223707,163823,387530,47221,33546,80767,20.84148324
36007,"Broome County, New York",5701,6032,11733,3371,4286,7657,65.26,40592,34715,75307,3479,3586,7065,9.381597992
36009,"Cattaraugus County, New York",2104,2207,4311,1193,1420,2613,60.61,15925,14618,30543,1104,1308,2412,7.897063157
36011,"Cayuga County, New York",2132,2510,4642,1229,1656,2885,62.15,15833,14726,30559,921,1561,2482,8.121993521
36013,"Chautauqua County, New York",3749,3853,7602,1974,2526,4500,59.19,27500,24564,52064,1736,2193,3929,7.546481254
36015,"Chemung County, New York",2397,2827,5224,1134,1955,3089,59.13,17669,15657,33326,1097,1620,2717,8.152793615
36017,"Chenango County, New York",1272,1378,2650,553,933,1486,56.08,10520,9799,20319,760,881,1641,8.076184852
36019,"Clinton County, New York",2156,2907,5063,1222,1943,3165,62.51,14887,13902,28789,701,1165,1866,6.481642294
36021,"Columbia County, New York",1500,1548,3048,909,1204,2113,69.32,14175,13429,27604,1202,1547,2749,9.958701637
36023,"Cortland County, New York",1355,1294,2649,698,956,1654,62.44,8620,7775,16395,524,725,1249,7.618176273
36025,"Delaware County, New York",1040,1156,2196,482,949,1431,65.16,10726,10331,21057,721,1084,1805,8.571971316
36027,"Dutchess County, New York",7768,8680,16448,5251,6808,12059,73.32,56388,51219,107607,4243,4871,9114,8.46970922
36029,"Erie County, New York",31152,31873,63025,20143,24257,44400,70.45,187679,154844,342523,19912,18832,38744,11.31135719
36031,"Essex County, New York",917,1303,2220,557,937,1494,67.30,8635,8218,16853,483,687,1170,6.942384145
36033,"Franklin County, New York",1324,2489,3813,674,1917,2591,67.95,9129,9059,18188,569,1329,1898,10.43545195
36035,"Fulton County, New York",1593,1623,3216,861,1077,1938,60.26,11289,10104,21393,565,891,1456,6.805964568
36037,"Genesee County, New York",1576,1955,3531,673,1288,1961,55.54,12142,10912,23054,656,923,1579,6.849136809
36039,"Greene County, New York",1107,1405,2512,801,1164,1965,78.22,10335,10106,20441,1090,1400,2490,12.18140013
36041,"Hamilton County, New York",91,56,147,75,47,122,82.99,1287,1249,2536,93,181,274,10.8044164
36043,"Herkimer County, New York",1716,1681,3397,957,1125,2082,61.29,13518,12227,25745,861,1196,2057,7.989900952
36045,"Jefferson County, New York",4796,5978,10774,1561,2872,4433,41.15,17361,15407,32768,1158,1160,2318,7.073974609
36047,"Kings County, New York",121774,112150,233924,85039,85623,170662,72.96,422638,320275,742913,74902,48267,123169,16.57919568
36049,"Lewis County, New York",721,808,1529,282,392,674,44.08,5218,5010,10228,336,423,759,7.420805632
36051,"Livingston County, New York",1464,1899,3363,871,1240,2111,62.77,12255,11292,23547,855,830,1685,7.155900964
36053,"Madison County, New York",1790,1872,3662,914,1310,2224,60.73,13919,12824,26743,1094,898,1992,7.448678159
36055,"Monroe County, New York",26251,25841,52092,17335,19521,36856,70.75,142607,119312,261919,15158,14077,29235,11.16184775
36057,"Montgomery County, New York",1532,1506,3038,908,1045,1953,64.29,10242,8903,19145,925,953,1878,9.8093497
36059,"Nassau County, New York",36565,38445,75010,25799,31621,57420,76.55,273714,229334,503048,21022,18618,39640,7.879963741
36061,"New York County, New York",106531,89826,196357,86669,75338,162007,82.51,284406,224276,508682,64696,59186,123882,24.35352539
36063,"Niagara County, New York",6263,6362,12625,4184,4930,9114,72.19,45136,39162,84298,3629,3807,7436,8.821087096
36065,"Oneida County, New York",6811,7658,14469,3856,5499,9355,64.66,46915,41258,88173,3948,5071,9019,10.22875483
36067,"Onondaga County, New York",15606,15610,31216,9909,11565,21474,68.79,89192,75418,164610,9113,7780,16893,10.26243849
36069,"Ontario County, New York",2794,2801,5595,1330,1842,3172,56.69,22721,20025,42746,1303,1741,3044,7.121134141
36071,"Orange County, New York",9965,10365,20330,5841,7020,12861,63.26,61711,54979,116690,5441,5601,11042,9.462678893
36073,"Orleans County, New York",1236,1338,2574,620,883,1503,58.39,8361,7579,15940,619,698,1317,8.262233375
36075,"Oswego County, New York",3345,3680,7025,1810,2804,4614,65.68,21763,20442,42205,979,1827,2806,6.648501362
36077,"Otsego County, New York",1396,1479,2875,699,1001,1700,59.13,12857,11500,24357,876,1054,1930,7.92380014
36079,"Putnam County, New York",2218,2656,4874,1128,2038,3166,64.96,19232,17801,37033,1242,1410,2652,7.161180569
36081,"Queens County, New York",94224,93636,187860,60449,71917,132366,70.46,407176,328888,736064,54048,43383,97431,13.23675659
36083,"Rensselaer County, New York",5323,5466,10789,3443,4192,7635,70.77,30560,26549,57109,2868,2968,5836,10.21905479
36085,"Richmond County, New York",15048,15610,30658,9796,12008,21804,71.12,88055,73191,161246,7736,6682,14418,8.941617156
36087,"Rockland County, New York",8871,9597,18468,5226,6879,12105,65.55,57012,48102,105114,5629,3883,9512,9.049222749
36089,"St. Lawrence County, New York",3027,3775,6802,1688,2523,4211,61.91,20214,18541,38755,1535,1955,3490,9.00528964
36091,"Saratoga County, New York",6056,6500,12556,3616,5033,8649,68.88,42931,38393,81324,2714,2903,5617,6.906940141
36093,"Schenectady County, New York",4850,4797,9647,2994,3592,6586,68.27,30301,25507,55808,2516,3058,5574,9.987815367
36095,"Schoharie County, New York",745,888,1633,358,567,925,56.64,6692,6358,13050,474,522,996,7.632183908
36097,"Schuyler County, New York",445,478,923,259,374,633,68.58,4023,3702,7725,254,278,532,6.886731392
36099,"Seneca County, New York",960,1463,2423,470,973,1443,59.55,7081,6670,13751,469,888,1357,9.868373209
36101,"Steuben County, New York",2727,2688,5415,1241,1601,2842,52.48,19912,18459,38371,1149,1943,3092,8.05816893
36103,"Suffolk County, New York",40482,43743,84225,26443,34718,61161,72.62,281763,244710,526473,20927,20911,41838,7.946846277
36105,"Sullivan County, New York",2092,2169,4261,1189,1572,2761,64.80,14857,14611,29468,1570,2145,3715,12.60689562
36107,"Tioga County, New York",1331,1293,2624,511,808,1319,50.27,10560,9639,20199,529,648,1177,5.82702114
36109,"Tompkins County, New York",3430,3757,7187,2468,3052,5520,76.81,15940,13468,29408,1380,1543,2923,9.939472252
36111,"Ulster County, New York",4814,5551,10365,2913,4339,7252,69.97,37338,33637,70975,3738,4191,7929,11.17153927
36113,"Warren County, New York",1812,1793,3605,1011,1146,2157,59.83,14653,12907,27560,952,1130,2082,7.554426705
36115,"Washington County, New York",1710,2114,3824,773,1510,2283,59.70,12408,11799,24207,755,1163,1918,7.923327963
36117,"Wayne County, New York",2411,2415,4826,1445,1691,3136,64.98,18425,17131,35556,1340,1335,2675,7.523343458
36119,"Westchester County, New York",26460,27181,53641,17284,21254,38538,71.84,187737,153509,341246,21073,15537,36610,10.72833088
36121,"Wyoming County, New York",1036,1866,2902,402,1352,1754,60.44,7614,7753,15367,404,827,1231,8.01067222
36123,"Yates County, New York",647,646,1293,339,333,672,51.97,5243,4748,9991,325,509,834,8.347512761
37001,"Alamance County, North Carolina",4689,4150,8839,2259,2226,4485,50.74,29481,23975,53456,1557,1861,3418,6.394043699
37003,"Alexander County, North Carolina",886,1192,2078,309,859,1168,56.21,7299,6626,13925,393,608,1001,7.188509874
37005,"Alleghany County, North Carolina",196,205,401,62,181,243,60.60,2664,2387,5051,95,123,218,4.315977034
37007,"Anson County, North Carolina",674,1076,1750,439,774,1213,69.31,4990,4427,9417,599,385,984,10.44918764
37009,"Ashe County, North Carolina",726,672,1398,307,258,565,40.41,6518,5653,12171,251,355,606,4.979048558
37011,"Avery County, North Carolina",385,746,1131,143,485,628,55.53,3589,3482,7071,144,266,410,5.798331212
37013,"Beaufort County, North Carolina",1225,1048,2273,577,540,1117,49.14,11103,9405,20508,846,637,1483,7.231324361
37015,"Bertie County, North Carolina",516,755,1271,344,549,893,70.26,4699,3838,8537,497,530,1027,12.02998711
37017,"Bladen County, North Carolina",849,595,1444,517,500,1017,70.43,7577,6393,13970,686,638,1324,9.477451682
37019,"Brunswick County, North Carolina",2749,2621,5370,1550,1603,3153,58.72,29293,25970,55263,1021,923,1944,3.517724336
37021,"Buncombe County, North Carolina",8431,7893,16324,4465,5197,9662,59.19,51332,41953,93285,3592,3481,7073,7.582140751
37023,"Burke County, North Carolina",2331,2412,4743,936,1430,2366,49.88,18700,16128,34828,1197,1581,2778,7.976340875
37025,"Cabarrus County, North Carolina",5354,5024,10378,2263,2906,5169,49.81,30035,25404,55439,1484,1418,2902,5.234582153
37027,"Caldwell County, North Carolina",1931,1944,3875,599,1056,1655,42.71,16853,14770,31623,553,1355,1908,6.033583152
37029,"Camden County, North Carolina",210,139,349,106,74,180,51.58,1785,1732,3517,59,175,234,6.653397782
37031,"Carteret County, North Carolina",1817,1925,3742,1079,1176,2255,60.26,16040,14098,30138,621,1075,1696,5.627447077
37033,"Caswell County, North Carolina",593,684,1277,295,431,726,56.85,5209,4598,9807,363,447,810,8.259406546
37035,"Catawba County, North Carolina",4323,4202,8525,2152,2861,5013,58.80,29636,25682,55318,1294,1716,3010,5.441266857
37037,"Chatham County, North Carolina",1525,1262,2787,698,780,1478,53.03,15518,13447,28965,935,883,1818,6.276540653
37039,"Cherokee County, North Carolina",549,542,1091,130,272,402,36.85,7075,6223,13298,443,467,910,6.843134306
37041,"Chowan County, North Carolina",411,385,796,190,139,329,41.33,3530,2889,6419,180,187,367,5.717401464
37043,"Clay County, North Carolina",142,162,304,22,116,138,45.39,2881,2497,5378,73,117,190,3.532911863
37045,"Cleveland County, North Carolina",2682,2441,5123,1294,1381,2675,52.22,19608,16479,36087,1060,1421,2481,6.875051958
37047,"Columbus County, North Carolina",1535,1731,3266,774,1208,1982,60.69,11680,9760,21440,607,742,1349,6.291977612
37049,"Craven County, North Carolina",3651,4098,7749,1310,1780,3090,39.88,19629,16375,36004,977,1168,2145,5.95767137
37051,"Cumberland County, North Carolina",14583,15292,29875,5739,7577,13316,44.57,47284,37866,85150,3218,2932,6150,7.222548444
37053,"Currituck County, North Carolina",600,622,1222,154,356,510,41.73,4617,4522,9139,184,219,403,4.409672831
37055,"Dare County, North Carolina",1013,878,1891,487,562,1049,55.47,7468,6961,14429,187,398,585,4.05433502
37057,"Davidson County, North Carolina",4423,4275,8698,1859,2372,4231,48.64,31738,28113,59851,1134,1874,3008,5.025814105
37059,"Davie County, North Carolina",887,803,1690,445,245,690,40.83,8674,7781,16455,342,369,711,4.320875114
37061,"Duplin County, North Carolina",1737,1766,3503,853,1124,1977,56.44,11090,9696,20786,810,898,1708,8.217069181
37063,"Durham County, North Carolina",13920,12307,26227,8061,8349,16410,62.57,43652,34698,78350,4970,4078,9048,11.54818124
37065,"Edgecombe County, North Carolina",1759,1416,3175,1173,1017,2190,68.98,11733,9121,20854,1243,1066,2309,11.07221636
37067,"Forsyth County, North Carolina",12212,10997,23209,6988,7541,14529,62.60,65775,52959,118734,5977,4522,10499,8.842454562
37069,"Franklin County, North Carolina",1600,1678,3278,887,925,1812,55.28,11589,9989,21578,732,719,1451,6.724441561
37071,"Gaston County, North Carolina",6219,5944,12163,3168,3806,6974,57.34,38988,32652,71640,2281,2197,4478,6.250697934
37073,"Gates County, North Carolina",307,304,611,189,215,404,66.12,2454,2227,4681,199,97,296,6.323435163
37075,"Graham County, North Carolina",210,104,314,46,34,80,25.48,1967,1731,3698,91,135,226,6.111411574
37077,"Granville County, North Carolina",1409,1468,2877,734,1053,1787,62.11,10657,9958,20615,1273,1538,2811,13.63570216
37079,"Greene County, North Carolina",492,832,1324,267,658,925,69.86,3888,3488,7376,335,371,706,9.571583514
37081,"Guilford County, North Carolina",18174,16465,34639,11137,11768,22905,66.12,87808,72053,159861,7641,6630,14271,8.927130445
37083,"Halifax County, North Carolina",1472,1399,2871,879,904,1783,62.10,11758,9440,21198,1161,1084,2245,10.59062176
37085,"Harnett County, North Carolina",4493,4391,8884,1760,2064,3824,43.04,17821,15240,33061,912,1187,2099,6.34887027
37087,"Haywood County, North Carolina",1497,1459,2956,713,811,1524,51.56,14332,12243,26575,620,647,1267,4.767638758
37089,"Henderson County, North Carolina",2451,2622,5073,812,1451,2263,44.61,26649,22079,48728,1249,1222,2471,5.071006403
37091,"Hertford County, North Carolina",623,766,1389,425,579,1004,72.28,5245,4334,9579,547,480,1027,10.72136966
37093,"Hoke County, North Carolina",2267,2302,4569,596,927,1523,33.33,6309,5318,11627,744,632,1376,11.83452309
37095,"Hyde County, North Carolina",98,309,407,68,231,299,73.46,1274,1250,2524,75,295,370,14.659271
37097,"Iredell County, North Carolina",4410,4426,8836,2034,2581,4615,52.23,29188,25711,54899,1804,1570,3374,6.145831436
37099,"Jackson County, North Carolina",1229,1324,2553,699,872,1571,61.54,7675,6714,14389,469,293,762,5.295712002
37101,"Johnston County, North Carolina",4826,4991,9817,1573,2709,4282,43.62,27910,24013,51923,1176,1552,2728,5.25393371
37103,"Jones County, North Carolina",301,317,618,138,136,274,44.34,2382,2024,4406,199,180,379,8.601906491
37105,"Lee County, North Carolina",1865,1832,3697,778,1275,2053,55.53,10676,8971,19647,427,817,1244,6.331755484
37107,"Lenoir County, North Carolina",1674,1582,3256,806,1027,1833,56.30,12853,9996,22849,1059,1161,2220,9.715961311
37109,"Lincoln County, North Carolina",1950,2081,4031,902,1098,2000,49.62,14993,13614,28607,654,793,1447,5.058202538
37111,"McDowell County, North Carolina",1094,1354,2448,576,823,1399,57.15,9277,8292,17569,373,741,1114,6.340713757
37113,"Macon County, North Carolina",798,815,1613,390,471,861,53.38,8805,7488,16293,385,529,914,5.609771067
37115,"Madison County, North Carolina",453,480,933,138,274,412,44.16,4621,4089,8710,219,184,403,4.626865672
37117,"Martin County, North Carolina",586,587,1173,347,364,711,60.61,5712,4653,10365,414,469,883,8.51905451
37119,"Mecklenburg County, North Carolina",41255,39183,80438,26521,27663,54184,67.36,140335,114578,254913,12300,10128,22428,8.798295889
37121,"Mitchell County, North Carolina",393,378,771,146,282,428,55.51,3684,3220,6904,140,205,345,4.997103129
37123,"Montgomery County, North Carolina",907,708,1615,342,423,765,47.37,5615,4948,10563,372,536,908,8.596042791
37125,"Moore County, North Carolina",2299,2165,4464,1034,1129,2163,48.45,21596,17833,39429,1084,945,2029,5.145958558
37127,"Nash County, North Carolina",2675,2584,5259,1339,1711,3050,58.00,19167,15709,34876,1670,1487,3157,9.052070192
37129,"New Hanover County, North Carolina",7468,7519,14987,4429,5446,9875,65.89,39073,31863,70936,2952,2248,5200,7.330551483
37131,"Northampton County, North Carolina",476,553,1029,281,449,730,70.94,5330,4281,9611,608,533,1141,11.87181355
37133,"Onslow County, North Carolina",8710,11122,19832,2353,3910,6263,31.58,19683,16859,36542,985,1170,2155,5.897323628
37135,"Orange County, North Carolina",4804,4555,9359,2940,3359,6299,67.30,21729,18340,40069,1720,1630,3350,8.360578003
37137,"Pamlico County, North Carolina",323,323,646,151,179,330,51.08,3279,3115,6394,88,294,382,5.974350954
37139,"Pasquotank County, North Carolina",1245,1370,2615,785,942,1727,66.04,7492,6126,13618,416,539,955,7.012777207
37141,"Pender County, North Carolina",1348,1484,2832,604,885,1489,52.58,10673,9976,20649,403,699,1102,5.336820185
37143,"Perquimans County, North Carolina",296,282,578,69,183,252,43.60,3318,2923,6241,106,221,327,5.239544945
37145,"Person County, North Carolina",1036,978,2014,630,628,1258,62.46,8202,7121,15323,401,804,1205,7.863995301
37147,"Pitt County, North Carolina",6612,6056,12668,3949,4086,8035,63.43,26095,20995,47090,2220,1988,4208,8.936079847
37149,"Polk County, North Carolina",446,371,817,236,263,499,61.08,5748,4608,10356,376,454,830,8.014677482
37151,"Randolph County, North Carolina",3881,4081,7962,1447,1981,3428,43.05,26622,23752,50374,1073,1443,2516,4.994640092
37153,"Richmond County, North Carolina",1363,1366,2729,603,1062,1665,61.01,8939,7633,16572,483,803,1286,7.760077239
37155,"Robeson County, North Carolina",4356,4105,8461,2730,2887,5617,66.39,22613,18847,41460,1775,2103,3878,9.353593825
37157,"Rockingham County, North Carolina",2392,2203,4595,1193,1394,2587,56.30,19937,16898,36835,1076,1291,2367,6.425953577
37159,"Rowan County, North Carolina",3974,4031,8005,1799,2444,4243,53.00,26597,23205,49802,1124,1655,2779,5.580097185
37161,"Rutherford County, North Carolina",1672,1678,3350,534,903,1437,42.90,14631,12434,27065,953,668,1621,5.989285054
37163,"Sampson County, North Carolina",1757,1717,3474,936,1117,2053,59.10,11923,10073,21996,692,1060,1752,7.965084561
37165,"Scotland County, North Carolina",886,1009,1895,594,756,1350,71.24,6958,5707,12665,573,611,1184,9.3485985
37167,"Stanly County, North Carolina",1695,1726,3421,673,1022,1695,49.55,11958,10647,22605,521,598,1119,4.95023225
37169,"Stokes County, North Carolina",1081,1184,2265,388,627,1015,44.81,10013,8867,18880,297,422,719,3.808262712
37171,"Surry County, North Carolina",1780,1864,3644,624,879,1503,41.25,15253,13082,28335,667,860,1527,5.389094759
37173,"Swain County, North Carolina",505,387,892,172,214,386,43.27,2890,2474,5364,131,156,287,5.350484713
37175,"Transylvania County, North Carolina",725,663,1388,328,318,646,46.54,8911,7511,16422,511,476,987,6.010230179
37177,"Tyrrell County, North Carolina",81,152,233,35,136,171,73.39,791,706,1497,50,74,124,8.283233133
37179,"Union County, North Carolina",4751,4760,9511,1839,2675,4514,47.46,31088,28083,59171,1043,1297,2340,3.954639942
37181,"Vance County, North Carolina",1286,1146,2432,875,805,1680,69.08,9048,7004,16052,840,749,1589,9.899077997
37183,"Wake County, North Carolina",35739,34131,69870,19432,23143,42575,60.93,137027,116356,253383,9231,8785,18016,7.110184977
37185,"Warren County, North Carolina",444,674,1118,281,551,832,74.42,4835,4251,9086,350,382,732,8.056350429
37187,"Washington County, North Carolina",309,212,521,237,182,419,80.42,2997,2484,5481,334,224,558,10.18062397
37189,"Watauga County, North Carolina",1306,1770,3076,889,1340,2229,72.46,8431,7402,15833,355,450,805,5.084317565
37191,"Wayne County, North Carolina",4240,4480,8720,1719,2696,4415,50.63,22515,18466,40981,1404,1326,2730,6.661623679
37193,"Wilkes County, North Carolina",1651,1749,3400,638,948,1586,46.65,14898,13096,27994,756,898,1654,5.908408945
37195,"Wilson County, North Carolina",2404,2286,4690,1285,1396,2681,57.16,16304,13057,29361,1385,1343,2728,9.291236675
37197,"Yadkin County, North Carolina",866,950,1816,273,591,864,47.58,7711,6714,14425,276,437,713,4.942807626
37199,"Yancey County, North Carolina",376,386,762,153,206,359,47.11,4231,3619,7850,169,241,410,5.222929936
38001,"Adams County, North Dakota",41,52,93,13,37,50,53.76,608,573,1181,29,37,66,5.588484335
38003,"Barnes County, North Dakota",271,282,553,37,124,161,29.11,2436,2252,4688,143,112,255,5.439419795
38005,"Benson County, North Dakota",180,205,385,127,164,291,75.58,1016,1050,2066,77,131,208,10.06776379
38007,"Billings County, North Dakota",18,38,56,6,27,33,58.93,166,223,389,12,48,60,15.42416452
38009,"Bottineau County, North Dakota",132,165,297,25,69,94,31.65,1512,1459,2971,38,111,149,5.015146415
38011,"Bowman County, North Dakota",83,102,185,26,59,85,45.95,735,653,1388,38,33,71,5.115273775
38013,"Burke County, North Dakota",32,78,110,12,39,51,46.36,379,386,765,10,45,55,7.189542484
38015,"Burleigh County, North Dakota",2968,3472,6440,1380,1937,3317,51.51,15818,13480,29298,1155,1125,2280,7.782101167
38017,"Cass County, North Dakota",6813,7585,14398,3742,4947,8689,60.35,22677,20047,42724,1677,2062,3739,8.751521393
38019,"Cavalier County, North Dakota",66,85,151,5,49,54,35.76,1004,1000,2004,18,143,161,8.033932136
38021,"Dickey County, North Dakota",118,147,265,19,37,56,21.13,1153,1014,2167,28,66,94,4.337794186
38023,"Divide County, North Dakota",73,52,125,21,8,29,23.20,619,641,1260,14,68,82,6.507936508
38025,"Dunn County, North Dakota",84,159,243,33,109,142,58.44,776,842,1618,11,45,56,3.461063041
38027,"Eddy County, North Dakota",44,70,114,20,52,72,63.16,629,533,1162,22,50,72,6.196213425
38029,"Emmons County, North Dakota",33,43,76,7,33,40,52.63,889,898,1787,19,92,111,6.2115277
38031,"Foster County, North Dakota",61,88,149,5,27,32,21.48,781,720,1501,14,35,49,3.26449034
38033,"Golden Valley County, North Dakota",39,28,67,0,17,17,25.37,414,341,755,22,18,40,5.298013245
38035,"Grand Forks County, North Dakota",2545,3079,5624,1079,1856,2935,52.19,9805,8900,18705,527,803,1330,7.110398289
38037,"Grant County, North Dakota",49,46,95,0,24,24,25.26,647,631,1278,9,80,89,6.96400626
38039,"Griggs County, North Dakota",53,38,91,24,9,33,36.26,663,608,1271,18,42,60,4.720692368
38041,"Hettinger County, North Dakota",71,62,133,3,16,19,14.29,589,572,1161,13,52,65,5.598621878
38043,"Kidder County, North Dakota",63,79,142,5,16,21,14.79,527,595,1122,14,51,65,5.793226381
38045,"LaMoure County, North Dakota",65,96,161,11,26,37,22.98,1036,960,1996,21,97,118,5.911823647
38047,"Logan County, North Dakota",39,33,72,14,15,29,40.28,491,524,1015,11,54,65,6.403940887
38049,"McHenry County, North Dakota",130,171,301,32,115,147,48.84,1189,1203,2392,29,89,118,4.933110368
38051,"McIntosh County, North Dakota",106,57,163,55,34,89,54.60,812,691,1503,36,52,88,5.854956753
38053,"McKenzie County, North Dakota",281,387,668,120,274,394,58.98,1285,1311,2596,70,143,213,8.204930663
38055,"McLean County, North Dakota",181,222,403,81,119,200,49.63,2232,2191,4423,54,155,209,4.72529957
38057,"Mercer County, North Dakota",219,253,472,98,176,274,58.05,1880,1876,3756,58,142,200,5.324813632
38059,"Morton County, North Dakota",1053,1173,2226,418,620,1038,46.63,5192,4984,10176,292,381,673,6.613600629
38061,"Mountrail County, North Dakota",259,494,753,127,307,434,57.64,1362,1472,2834,85,193,278,9.809456598
38063,"Nelson County, North Dakota",56,87,143,11,66,77,53.85,832,808,1640,14,81,95,5.792682927
38065,"Oliver County, North Dakota",20,38,58,4,10,14,24.14,431,438,869,15,13,28,3.222094361
38067,"Pembina County, North Dakota",178,202,380,75,103,178,46.84,1686,1659,3345,50,128,178,5.321375187
38069,"Pierce County, North Dakota",75,111,186,10,102,112,60.22,1104,914,2018,27,78,105,5.203171457
38071,"Ramsey County, North Dakota",352,352,704,112,196,308,43.75,2364,2232,4596,185,328,513,11.1618799
38073,"Ransom County, North Dakota",113,117,230,35,44,79,34.35,1196,1135,2331,41,107,148,6.349206349
38075,"Renville County, North Dakota",78,97,175,19,46,65,37.14,519,505,1024,10,33,43,4.19921875
38077,"Richland County, North Dakota",444,415,859,100,267,367,42.72,3037,3067,6104,217,277,494,8.093053735
38079,"Rolette County, North Dakota",469,396,865,300,252,552,63.82,2043,1881,3924,194,259,453,11.54434251
38081,"Sargent County, North Dakota",72,105,177,16,19,35,19.77,817,887,1704,24,103,127,7.453051643
38083,"Sheridan County, North Dakota",41,33,74,7,8,15,20.27,371,365,736,17,35,52,7.065217391
38085,"Sioux County, North Dakota",148,139,287,84,109,193,67.25,461,435,896,69,81,150,16.74107143
38087,"Slope County, North Dakota",18,29,47,7,23,30,63.83,166,191,357,0,42,42,11.76470588
38089,"Stark County, North Dakota",930,1192,2122,283,489,772,36.38,4745,4392,9137,207,333,540,5.910036117
38091,"Steele County, North Dakota",32,51,83,4,16,20,24.10,445,499,944,9,34,43,4.555084746
38093,"Stutsman County, North Dakota",544,684,1228,258,420,678,55.21,4394,3965,8359,212,243,455,5.443234837
38095,"Towner County, North Dakota",58,58,116,22,34,56,48.28,543,564,1107,15,56,71,6.413730804
38097,"Traill County, North Dakota",198,213,411,54,137,191,46.47,1708,1550,3258,60,191,251,7.704112953
38099,"Walsh County, North Dakota",230,292,522,66,152,218,41.76,2507,2350,4857,113,353,466,9.594399835
38101,"Ward County, North Dakota",2433,3324,5757,967,2030,2997,52.06,10030,8857,18887,407,929,1336,7.073648541
38103,"Wells County, North Dakota",75,66,141,12,23,35,24.82,1131,1064,2195,8,149,157,7.15261959
38105,"Williams County, North Dakota",1154,1410,2564,295,719,1014,39.55,4209,4272,8481,166,300,466,5.494635067
39001,"Adams County, Ohio",785,711,1496,197,312,509,34.02,5316,4993,10309,202,331,533,5.170239596
39003,"Allen County, Ohio",2871,3257,6128,1338,1815,3153,51.45,20029,17854,37883,1350,1502,2852,7.528442837
39005,"Ashland County, Ohio",1455,1461,2916,645,868,1513,51.89,10490,9183,19673,416,512,928,4.717124994
39007,"Ashtabula County, Ohio",2648,2847,5495,1168,1806,2974,54.12,20129,18282,38411,1038,1455,2493,6.490328291
39009,"Athens County, Ohio",1927,2261,4188,1030,1509,2539,60.63,9015,8122,17137,522,706,1228,7.165781642
39011,"Auglaize County, Ohio",1230,1280,2510,382,679,1061,42.27,9090,8167,17257,397,339,736,4.264935968
39013,"Belmont County, Ohio",1820,2409,4229,862,1521,2383,56.35,15433,13439,28872,860,1068,1928,6.677750069
39015,"Brown County, Ohio",1216,1150,2366,533,483,1016,42.94,8533,7831,16364,280,296,576,3.51992178
39017,"Butler County, Ohio",10819,10596,21415,4784,6563,11347,52.99,63087,55207,118294,2859,3029,5888,4.977429117
39019,"Carroll County, Ohio",663,744,1407,221,375,596,42.36,6122,5741,11863,203,314,517,4.358088173
39021,"Champaign County, Ohio",1005,1073,2078,313,685,998,48.03,7595,6783,14378,314,368,682,4.743357908
39023,"Clark County, Ohio",4038,3785,7823,2051,2190,4241,54.21,28280,24187,52467,1556,2215,3771,7.187374921
39025,"Clermont County, Ohio",5869,5808,11677,2564,3449,6013,51.49,36172,32301,68473,1712,1833,3545,5.177223139
39027,"Clinton County, Ohio",1160,1103,2263,421,564,985,43.53,7873,6979,14852,357,337,694,4.672771344
39029,"Columbiana County, Ohio",2729,3031,5760,1409,1960,3369,58.49,22513,20426,42939,965,1338,2303,5.36342253
39031,"Coshocton County, Ohio",1008,1023,2031,412,585,997,49.09,7485,6687,14172,260,471,731,5.158058143
39033,"Crawford County, Ohio",1109,1068,2177,536,523,1059,48.64,9362,7942,17304,500,448,948,5.47850208
39035,"Cuyahoga County, Ohio",42775,40003,82778,29421,30942,60363,72.92,261990,211003,472993,32714,30885,63599,13.44607637
39037,"Darke County, Ohio",1295,1328,2623,579,728,1307,49.83,10735,9428,20163,510,615,1125,5.579526856
39039,"Defiance County, Ohio",1070,1089,2159,535,568,1103,51.09,7659,6755,14414,369,356,725,5.029832108
39041,"Delaware County, Ohio",4128,3736,7864,1704,2004,3708,47.15,28260,25872,54132,1256,1050,2306,4.259957142
39043,"Erie County, Ohio",2122,2014,4136,1150,1270,2420,58.51,16730,15078,31808,999,1221,2220,6.979376258
39045,"Fairfield County, Ohio",3959,4276,8235,1683,2540,4223,51.28,26321,23326,49647,1561,1183,2744,5.527020767
39047,"Fayette County, Ohio",819,802,1621,328,464,792,48.86,5623,4990,10613,198,262,460,4.334306982
39049,"Franklin County, Ohio",55290,53721,109011,31523,38083,69606,63.85,184361,152351,336712,18363,16600,34963,10.38365131
39051,"Fulton County, Ohio",1095,1135,2230,380,619,999,44.80,8311,7396,15707,338,357,695,4.424778761
39053,"Gallia County, Ohio",844,952,1796,253,478,731,40.70,6170,5372,11542,340,200,540,4.67856524
39055,"Geauga County, Ohio",1816,1836,3652,932,1093,2025,55.45,19882,18130,38012,1035,1262,2297,6.04282858
39057,"Greene County, Ohio",5316,5844,11160,2517,3698,6215,55.69,30361,26711,57072,1807,1523,3330,5.834735071
39059,"Guernsey County, Ohio",1078,1104,2182,356,464,820,37.58,8386,7151,15537,480,367,847,5.451502864
39061,"Hamilton County, Ohio",30733,29217,59950,19548,21225,40773,68.01,149506,122218,271724,16678,14902,31580,11.62208712
39063,"Hancock County, Ohio",2359,2454,4813,1054,1428,2482,51.57,14299,12508,26807,489,673,1162,4.334688701
39065,"Hardin County, Ohio",857,834,1691,360,384,744,44.00,5530,4880,10410,326,246,572,5.494716619
39067,"Harrison County, Ohio",404,361,765,147,188,335,43.79,3490,3310,6800,230,201,431,6.338235294
39069,"Henry County, Ohio",761,774,1535,289,461,750,48.86,5642,5017,10659,196,230,426,3.996622572
39071,"Highland County, Ohio",1178,1199,2377,358,548,906,38.12,8404,7370,15774,410,316,726,4.60251046
39073,"Hocking County, Ohio",741,726,1467,264,382,646,44.04,5698,5489,11187,215,380,595,5.31867346
39075,"Holmes County, Ohio",1332,1395,2727,421,537,958,35.13,6267,5819,12086,348,553,901,7.454906503
39077,"Huron County, Ohio",1768,1668,3436,820,1108,1928,56.11,11014,9730,20744,441,634,1075,5.182221365
39079,"Jackson County, Ohio",973,1003,1976,258,516,774,39.17,6418,5451,11869,331,450,781,6.580166821
39081,"Jefferson County, Ohio",1689,1714,3403,862,1109,1971,57.92,15582,13532,29114,944,1262,2206,7.577110668
39083,"Knox County, Ohio",1708,1522,3230,647,787,1434,44.40,11664,10253,21917,471,569,1040,4.745174978
39085,"Lake County, Ohio",6272,6616,12888,3518,4549,8067,62.59,49210,41914,91124,2888,3443,6331,6.947675695
39087,"Lawrence County, Ohio",1822,1679,3501,953,857,1810,51.70,12514,10680,23194,476,458,934,4.02690351
39089,"Licking County, Ohio",4789,4524,9313,2355,2687,5042,54.14,31418,27744,59162,1480,1361,2841,4.802068896
39091,"Logan County, Ohio",1276,1145,2421,362,493,855,35.32,9009,8054,17063,357,434,791,4.635761589
39093,"Lorain County, Ohio",7877,8092,15969,4492,5733,10225,64.03,59658,51910,111568,3606,4665,8271,7.413416033
39095,"Lucas County, Ohio",15327,14918,30245,9252,10863,20115,66.51,81471,68451,149922,7419,7991,15410,10.27867825
39097,"Madison County, Ohio",994,1639,2633,371,1102,1473,55.94,7314,7246,14560,259,708,967,6.641483516
39099,"Mahoning County, Ohio",6466,6624,13090,4111,4905,9016,68.88,53225,43928,97153,4224,4368,8592,8.843782487
39101,"Marion County, Ohio",1696,2498,4194,697,1661,2358,56.22,12278,11960,24238,378,1216,1594,6.576450202
39103,"Medina County, Ohio",4268,4284,8552,2030,2729,4759,55.65,32936,29980,62916,1396,1397,2793,4.439252336
39105,"Meigs County, Ohio",667,634,1301,283,311,594,45.66,4827,4402,9229,127,217,344,3.727381081
39107,"Mercer County, Ohio",1089,1127,2216,370,613,983,44.36,7925,7329,15254,266,521,787,5.159302478
39109,"Miami County, Ohio",2818,2876,5694,1469,1721,3190,56.02,20858,18142,39000,979,1068,2047,5.248717949
39111,"Monroe County, Ohio",340,359,699,92,137,229,32.76,3277,3103,6380,110,161,271,4.247648903
39113,"Montgomery County, Ohio",17844,17359,35203,10097,11150,21247,60.36,107017,87633,194650,8892,9069,17961,9.227331107
39115,"Morgan County, Ohio",385,367,752,97,215,312,41.49,3200,2957,6157,165,114,279,4.531427643
39117,"Morrow County, Ohio",864,805,1669,330,422,752,45.06,6590,6093,12683,272,290,562,4.431128282
39119,"Muskingum County, Ohio",2584,2489,5073,1224,1573,2797,55.14,17065,14443,31508,919,994,1913,6.071473911
39121,"Noble County, Ohio",353,692,1045,154,572,726,69.47,3033,4187,7220,168,393,561,7.770083102
39123,"Ottawa County, Ohio",884,957,1841,333,530,863,46.88,9771,9123,18894,381,593,974,5.155075685
39125,"Paulding County, Ohio",576,550,1126,160,245,405,35.97,3811,3482,7293,180,171,351,4.812834225
39127,"Perry County, Ohio",964,1012,1976,288,512,800,40.49,6530,6152,12682,306,534,840,6.623560953
39129,"Pickaway County, Ohio",1376,2095,3471,541,1417,1958,56.41,9629,9226,18855,313,652,965,5.118005834
39131,"Pike County, Ohio",780,731,1511,255,467,722,47.78,5369,4949,10318,232,256,488,4.729598759
39133,"Portage County, Ohio",4503,4702,9205,2581,3366,5947,64.61,29123,26403,55526,1602,1610,3212,5.784677448
39135,"Preble County, Ohio",1143,1146,2289,498,723,1221,53.34,8403,7572,15975,319,430,749,4.6885759
39137,"Putnam County, Ohio",926,954,1880,273,383,656,34.89,6431,6023,12454,225,428,653,5.243295327
39139,"Richland County, Ohio",3186,4063,7249,1168,2682,3850,53.11,25194,21941,47135,1307,1573,2880,6.110109261
39141,"Ross County, Ohio",1979,2710,4689,926,1700,2626,56.00,14076,13604,27680,934,1122,2056,7.427745665
39143,"Sandusky County, Ohio",1673,1671,3344,797,939,1736,51.91,12230,10761,22991,641,782,1423,6.189378452
39145,"Scioto County, Ohio",2308,2627,4935,1029,1665,2694,54.59,15474,13065,28539,709,764,1473,5.161358141
39147,"Seneca County, Ohio",1477,1509,2986,756,961,1717,57.50,10967,9651,20618,571,587,1158,5.616451644
39149,"Shelby County, Ohio",1385,1356,2741,595,728,1323,48.27,8755,8125,16880,373,407,780,4.620853081
39151,"Stark County, Ohio",10680,10547,21227,5791,6914,12705,59.85,78493,66489,144982,5013,5155,10168,7.013284408
39153,"Summit County, Ohio",17231,16979,34210,9686,11754,21440,62.67,108902,91663,200565,8969,9577,18546,9.246877571
39155,"Trumbull County, Ohio",5471,5650,11121,3149,3927,7076,63.63,46040,39280,85320,3119,3067,6186,7.250351617
39157,"Tuscarawas County, Ohio",2676,2744,5420,1007,1479,2486,45.87,19201,16724,35925,706,819,1525,4.244954767
39159,"Union County, Ohio",1818,1221,3039,674,635,1309,43.07,7991,7392,15383,408,404,812,5.278554248
39161,"Van Wert County, Ohio",723,717,1440,217,377,594,41.25,5965,5117,11082,310,209,519,4.683270168
39163,"Vinton County, Ohio",325,340,665,58,182,240,36.09,2504,2415,4919,80,170,250,5.082333808
39165,"Warren County, Ohio",5633,6212,11845,2150,3641,5791,48.89,35899,32816,68715,1095,1404,2499,3.636760533
39167,"Washington County, Ohio",1572,1641,3213,708,886,1594,49.61,13485,11812,25297,551,624,1175,4.644819544
39169,"Wayne County, Ohio",3196,3185,6381,1255,1712,2967,46.50,21674,19298,40972,1071,1049,2120,5.174265352
39171,"Williams County, Ohio",1023,1110,2133,493,611,1104,51.76,7661,6765,14426,275,432,707,4.900873423
39173,"Wood County, Ohio",3721,3985,7706,1786,2306,4092,53.10,21987,19238,41225,1175,1166,2341,5.678593087
39175,"Wyandot County, Ohio",597,554,1151,143,162,305,26.50,4573,3990,8563,156,153,309,3.608548406
40001,"Adair County, Oklahoma",666,662,1328,223,250,473,35.62,3766,3552,7318,154,204,358,4.892047007
40003,"Alfalfa County, Oklahoma",121,195,316,31,82,113,35.76,1045,1397,2442,15,75,90,3.685503686
40005,"Atoka County, Oklahoma",373,501,874,102,292,394,45.08,2640,2594,5234,43,116,159,3.037829576
40007,"Beaver County, Oklahoma",144,134,278,19,61,80,28.78,1107,1036,2143,13,51,64,2.986467569
40009,"Beckham County, Oklahoma",697,1114,1811,284,770,1054,58.20,3636,3366,7002,137,179,316,4.512996287
40011,"Blaine County, Oklahoma",222,341,563,61,192,253,44.94,1999,1853,3852,54,138,192,4.984423676
40013,"Bryan County, Oklahoma",1467,1540,3007,507,700,1207,40.14,8126,7022,15148,212,384,596,3.934512807
40015,"Caddo County, Oklahoma",821,1176,1997,319,687,1006,50.38,5315,4796,10111,329,321,650,6.428642073
40017,"Canadian County, Oklahoma",4267,4201,8468,1159,1779,2938,34.70,19456,17413,36869,665,783,1448,3.927418699
40019,"Carter County, Oklahoma",1345,1588,2933,520,856,1376,46.91,9166,7824,16990,394,495,889,5.2324897
40021,"Cherokee County, Oklahoma",1426,1498,2924,561,588,1149,39.30,8161,7516,15677,373,401,774,4.937169101
40023,"Choctaw County, Oklahoma",385,393,778,200,231,431,55.40,3194,2853,6047,142,252,394,6.515627584
40025,"Cimarron County, Oklahoma",52,46,98,12,8,20,20.41,556,466,1022,12,26,38,3.718199609
40027,"Cleveland County, Oklahoma",9881,10818,20699,4478,5898,10376,50.13,40338,35308,75646,1627,2037,3664,4.843613674
40029,"Coal County, Oklahoma",134,129,263,30,51,81,30.80,1291,1058,2349,37,21,58,2.469135802
40031,"Comanche County, Oklahoma",5114,6217,11331,1804,2957,4761,42.02,17797,15831,33628,728,976,1704,5.0672059
40033,"Cotton County, Oklahoma",125,130,255,44,31,75,29.41,1287,1102,2389,21,23,44,1.841774801
40035,"Craig County, Oklahoma",354,435,789,100,277,377,47.78,3070,2773,5843,129,153,282,4.826287866
40037,"Creek County, Oklahoma",1938,2035,3973,536,887,1423,35.82,13699,12248,25947,362,644,1006,3.877134158
40039,"Custer County, Oklahoma",1012,1186,2198,323,693,1016,46.22,4524,4027,8551,196,138,334,3.905975909
40041,"Delaware County, Oklahoma",979,947,1926,381,432,813,42.21,9457,8916,18373,226,392,618,3.363631416
40043,"Dewey County, Oklahoma",104,126,230,40,74,114,49.57,1015,922,1937,19,46,65,3.355704698
40045,"Ellis County, Oklahoma",87,94,181,18,41,59,32.60,918,855,1773,11,47,58,3.271291596
40047,"Garfield County, Oklahoma",2150,2278,4428,531,839,1370,30.94,11394,9968,21362,443,497,940,4.400337047
40049,"Garvin County, Oklahoma",816,731,1547,263,359,622,40.21,5459,4806,10265,186,278,464,4.520214321
40051,"Grady County, Oklahoma",1623,1511,3134,540,585,1125,35.90,9788,8875,18663,268,431,699,3.745378557
40053,"Grant County, Oklahoma",114,111,225,26,68,94,41.78,1008,953,1961,34,26,60,3.059663437
40055,"Greer County, Oklahoma",190,273,463,92,127,219,47.30,1170,1121,2291,65,109,174,7.594936709
40057,"Harmon County, Oklahoma",111,48,159,76,35,111,69.81,576,523,1099,13,22,35,3.184713376
40059,"Harper County, Oklahoma",119,133,252,52,80,132,52.38,744,700,1444,36,46,82,5.67867036
40061,"Haskell County, Oklahoma",359,342,701,117,111,228,32.52,2577,2333,4910,71,87,158,3.217922607
40063,"Hughes County, Oklahoma",344,544,888,135,304,439,49.44,2760,2466,5226,86,165,251,4.802908534
40065,"Jackson County, Oklahoma",970,974,1944,286,413,699,35.96,4355,3856,8211,128,157,285,3.470953599
40067,"Jefferson County, Oklahoma",138,160,298,58,59,117,39.26,1358,1237,2595,29,67,96,3.699421965
40069,"Johnston County, Oklahoma",340,313,653,98,151,249,38.13,2166,1964,4130,57,63,120,2.905569007
40071,"Kay County, Oklahoma",1263,1286,2549,471,484,955,37.47,9214,7970,17184,267,449,716,4.166666667
40073,"Kingfisher County, Oklahoma",390,503,893,99,157,256,28.67,2750,2466,5216,52,122,174,3.335889571
40075,"Kiowa County, Oklahoma",200,215,415,55,112,167,40.24,2020,1797,3817,69,56,125,3.27482316
40077,"Latimer County, Oklahoma",314,298,612,73,123,196,32.03,2046,2055,4101,97,66,163,3.974640332
40079,"Le Flore County, Oklahoma",1409,1583,2992,381,729,1110,37.10,9468,8608,18076,200,463,663,3.667846869
40081,"Lincoln County, Oklahoma",903,863,1766,220,376,596,33.75,6756,6253,13009,209,355,564,4.335460066
40083,"Logan County, Oklahoma",1370,1344,2714,366,714,1080,39.79,7910,7196,15106,364,270,634,4.197007811
40085,"Love County, Oklahoma",290,260,550,141,161,302,54.91,1839,1825,3664,22,147,169,4.612445415
40087,"McClain County, Oklahoma",949,856,1805,229,274,503,27.87,6297,5875,12172,170,236,406,3.335524154
40089,"McCurtain County, Oklahoma",836,870,1706,271,409,680,39.86,6315,5626,11941,220,261,481,4.028138347
40091,"McIntosh County, Oklahoma",487,460,947,236,291,527,55.65,4892,4523,9415,144,237,381,4.046733935
40093,"Major County, Oklahoma",190,160,350,56,13,69,19.71,1585,1497,3082,43,41,84,2.72550292
40095,"Marshall County, Oklahoma",413,383,796,135,115,250,31.41,3503,3081,6584,166,173,339,5.148845687
40097,"Mayes County, Oklahoma",1188,1083,2271,260,456,716,31.53,7892,7331,15223,179,342,521,3.422452867
40099,"Murray County, Oklahoma",311,415,726,87,193,280,38.57,2703,2641,5344,39,86,125,2.339071856
40101,"Muskogee County, Oklahoma",2322,2206,4528,807,1038,1845,40.75,13177,11370,24547,621,883,1504,6.127021632
40103,"Noble County, Oklahoma",330,321,651,38,149,187,28.73,2279,2096,4375,93,81,174,3.977142857
40105,"Nowata County, Oklahoma",262,348,610,63,120,183,30.00,2196,1965,4161,51,87,138,3.316510454
40107,"Okfuskee County, Oklahoma",301,419,720,100,195,295,40.97,2234,2224,4458,99,203,302,6.774338268
40109,"Oklahoma County, Oklahoma",30612,30301,60913,15138,18092,33230,54.55,122775,103632,226407,7763,8222,15985,7.060294072
40111,"Okmulgee County, Oklahoma",1076,1146,2222,432,633,1065,47.93,7778,6773,14551,346,420,766,5.264243007
40113,"Osage County, Oklahoma",1166,1365,2531,391,803,1194,47.18,9819,9111,18930,477,468,945,4.99207607
40115,"Ottawa County, Oklahoma",929,836,1765,386,389,775,43.91,6258,5405,11663,137,316,453,3.884077853
40117,"Pawnee County, Oklahoma",432,394,826,174,256,430,52.06,3375,3087,6462,94,141,235,3.636645002
40119,"Payne County, Oklahoma",2724,3607,6331,1190,2463,3653,57.70,10376,9465,19841,295,522,817,4.117736001
40121,"Pittsburg County, Oklahoma",1314,1733,3047,437,796,1233,40.47,9160,8293,17453,262,524,786,4.503523749
40123,"Pontotoc County, Oklahoma",1302,1376,2678,550,649,1199,44.77,6813,5788,12601,252,495,747,5.928100944
40125,"Pottawatomie County, Oklahoma",2308,2042,4350,778,991,1769,40.67,12961,11065,24026,397,546,943,3.924914676
40127,"Pushmataha County, Oklahoma",305,256,561,48,166,214,38.15,2547,2306,4853,57,166,223,4.595095817
40129,"Roger Mills County, Oklahoma",97,98,195,27,61,88,45.13,750,747,1497,37,53,90,6.012024048
40131,"Rogers County, Oklahoma",2521,2444,4965,638,1026,1664,33.51,15734,14770,30504,300,466,766,2.511146079
40133,"Seminole County, Oklahoma",702,643,1345,255,324,579,43.05,5010,4367,9377,310,297,607,6.473285699
40135,"Sequoyah County, Oklahoma",1131,1165,2296,392,425,817,35.58,7855,7092,14947,208,291,499,3.338462568
40137,"Stephens County, Oklahoma",1386,1238,2624,255,582,837,31.90,9189,8102,17291,198,380,578,3.342779481
40139,"Texas County, Oklahoma",811,843,1654,284,342,626,37.85,2883,2840,5723,33,209,242,4.228551459
40141,"Tillman County, Oklahoma",199,206,405,70,125,195,48.15,1555,1396,2951,10,128,138,4.676380888
40143,"Tulsa County, Oklahoma",23219,22629,45848,10576,12851,23427,51.10,104516,87177,191693,6026,6603,12629,6.588138325
40145,"Wagoner County, Oklahoma",2242,2024,4266,705,1036,1741,40.81,13051,12020,25071,351,467,818,3.262733836
40147,"Washington County, Oklahoma",1467,1583,3050,538,804,1342,44.00,10935,8987,19922,284,374,658,3.302881237
40149,"Washita County, Oklahoma",334,382,716,54,155,209,29.19,2269,2009,4278,37,63,100,2.337540907
40151,"Woods County, Oklahoma",275,438,713,86,320,406,56.94,1613,1482,3095,40,143,183,5.91276252
40153,"Woodward County, Oklahoma",608,947,1555,150,400,550,35.37,3448,3290,6738,108,147,255,3.784505788
41001,"Baker County, Oregon",353,439,792,77,310,387,48.86,3948,3751,7699,184,205,389,5.052604234
41003,"Benton County, Oregon",2739,3232,5971,1721,2285,4006,67.09,14629,13118,27747,938,1100,2038,7.344938192
41005,"Clackamas County, Oregon",10590,10832,21422,4937,6665,11602,54.16,76485,67905,144390,3410,4157,7567,5.240667636
41007,"Clatsop County, Oregon",1160,1152,2312,509,761,1270,54.93,8279,7456,15735,427,586,1013,6.437877344
41009,"Columbia County, Oregon",1175,1105,2280,465,671,1136,49.82,9879,9395,19274,354,533,887,4.602054581
41011,"Coos County, Oregon",1574,1597,3171,780,1094,1874,59.10,15540,14235,29775,494,1071,1565,5.256087322
41013,"Crook County, Oregon",443,450,893,111,246,357,39.98,5041,4708,9749,119,155,274,2.810544671
41015,"Curry County, Oregon",494,449,943,284,207,491,52.07,6621,5932,12553,216,446,662,5.273639767
41017,"Deschutes County, Oregon",4961,4858,9819,2460,3201,5661,57.65,32902,30021,62923,1162,1295,2457,3.9047725
41019,"Douglas County, Oregon",2742,2739,5481,1078,1480,2558,46.67,25666,23569,49235,775,1217,1992,4.045902305
41021,"Gilliam County, Oregon",37,18,55,13,18,31,56.36,472,484,956,13,39,52,5.439330544
41023,"Grant County, Oregon",166,172,338,110,133,243,71.89,1876,1879,3755,70,129,199,5.299600533
41025,"Harney County, Oregon",181,176,357,87,34,121,33.89,1645,1679,3324,35,69,104,3.128760529
41027,"Hood River County, Oregon",631,694,1325,358,577,935,70.57,4005,3635,7640,196,278,474,6.204188482
41029,"Jackson County, Oregon",6177,6247,12424,3373,4090,7463,60.07,45136,39649,84785,2223,2457,4680,5.519844312
41031,"Jefferson County, Oregon",510,634,1144,354,466,820,71.68,4110,4005,8115,233,172,405,4.990757856
41033,"Josephine County, Oregon",1912,1884,3796,690,1089,1779,46.87,20853,18297,39150,973,1210,2183,5.575989783
41035,"Klamath County, Oregon",1866,1920,3786,943,1183,2126,56.15,13775,12937,26712,644,662,1306,4.88918838
41037,"Lake County, Oregon",156,210,366,71,80,151,41.26,1746,1899,3645,62,114,176,4.828532236
41039,"Lane County, Oregon",10864,11266,22130,5527,7511,13038,58.92,70833,61767,132600,4377,5052,9429,7.110859729
41041,"Lincoln County, Oregon",1125,1066,2191,563,638,1201,54.82,12400,10719,23119,808,952,1760,7.61278602
41043,"Linn County, Oregon",3762,3785,7547,1657,2244,3901,51.69,22974,20901,43875,1179,1506,2685,6.11965812
41045,"Malheur County, Oregon",837,1246,2083,381,823,1204,57.80,5037,5241,10278,178,388,566,5.506907959
41047,"Marion County, Oregon",10631,11135,21766,4970,6813,11783,54.13,55006,47932,102938,3151,3622,6773,6.579688745
41049,"Morrow County, Oregon",300,278,578,114,168,282,48.79,1885,1952,3837,39,33,72,1.876465989
41051,"Multnomah County, Oregon",35497,34065,69562,23900,25470,49370,70.97,120701,106700,227401,12560,15439,27999,12.31261076
41053,"Polk County, Oregon",1941,2071,4012,896,1047,1943,48.43,14360,12450,26810,583,783,1366,5.095113764
41055,"Sherman County, Oregon",50,70,120,24,51,75,62.50,448,414,862,2,36,38,4.408352668
41057,"Tillamook County, Oregon",580,707,1287,325,441,766,59.52,6293,5721,12014,202,365,567,4.719493924
41059,"Umatilla County, Oregon",2252,2962,5214,1061,1934,2995,57.44,12421,12163,24584,450,963,1413,5.747640742
41061,"Union County, Oregon",684,767,1451,269,512,781,53.82,5254,4699,9953,168,369,537,5.395358183
41063,"Wallowa County, Oregon",160,132,292,43,82,125,42.81,1855,1785,3640,120,135,255,7.005494505
41065,"Wasco County, Oregon",771,760,1531,269,408,677,44.22,5363,5032,10395,190,461,651,6.262626263
41067,"Washington County, Oregon",20605,20322,40927,10053,12872,22925,56.01,86256,73746,160002,5022,5469,10491,6.55679304
41069,"Wheeler County, Oregon",30,15,45,13,0,13,28.89,411,360,771,7,27,34,4.409857328
41071,"Yamhill County, Oregon",2755,3031,5786,1081,1605,2686,46.42,17990,16215,34205,570,936,1506,4.402865078
42001,"Adams County, Pennsylvania",2482,2661,5143,1034,1685,2719,52.87,20792,18673,39465,1297,1181,2478,6.278981376
42003,"Allegheny County, Pennsylvania",46111,46769,92880,29931,35605,65536,70.56,262705,212431,475136,29039,27175,56214,11.83113887
42005,"Armstrong County, Pennsylvania",1685,1783,3468,766,1132,1898,54.73,15378,14058,29436,776,1115,1891,6.424106536
42007,"Beaver County, Pennsylvania",4676,4740,9416,2630,3155,5785,61.44,39306,32906,72212,3005,2601,5606,7.763252645
42009,"Bedford County, Pennsylvania",1137,1173,2310,429,718,1147,49.65,10836,9978,20814,594,636,1230,5.909484001
42011,"Berks County, Pennsylvania",12018,12027,24045,6835,7720,14555,60.53,77393,68817,146210,5567,5891,11458,7.836673278
42013,"Blair County, Pennsylvania",3463,3465,6928,1802,2339,4141,59.77,27738,23286,51024,2078,2123,4201,8.23338037
42015,"Bradford County, Pennsylvania",1648,1634,3282,788,940,1728,52.65,13472,12272,25744,684,1016,1700,6.603480423
42017,"Bucks County, Pennsylvania",16788,17169,33957,10328,12858,23186,68.28,128415,113651,242066,7440,8704,16144,6.669255492
42019,"Butler County, Pennsylvania",4634,4942,9576,2142,3270,5412,56.52,37459,33531,70990,2006,2196,4202,5.919143541
42021,"Cambria County, Pennsylvania",3455,3833,7288,1798,2495,4293,58.91,32050,27701,59751,2733,2974,5707,9.551304581
42023,"Cameron County, Pennsylvania",107,111,218,30,66,96,44.04,1265,1163,2428,56,108,164,6.754530478
42025,"Carbon County, Pennsylvania",1752,1727,3479,891,1231,2122,60.99,14242,13001,27243,909,1187,2096,7.693719488
42027,"Centre County, Pennsylvania",4796,6230,11026,2441,4227,6668,60.48,22690,21076,43766,1323,1575,2898,6.621578394
42029,"Chester County, Pennsylvania",13879,14460,28339,7594,10252,17846,62.97,93506,83022,176528,6171,5668,11839,6.706584791
42031,"Clarion County, Pennsylvania",1003,1091,2094,512,676,1188,56.73,7867,7043,14910,357,533,890,5.969148223
42033,"Clearfield County, Pennsylvania",1965,2726,4691,1000,1760,2760,58.84,16953,15618,32571,866,1327,2193,6.732983329
42035,"Clinton County, Pennsylvania",938,1062,2000,459,656,1115,55.75,7613,6734,14347,369,530,899,6.266118352
42037,"Columbia County, Pennsylvania",1678,1792,3470,707,1239,1946,56.08,13408,11460,24868,767,805,1572,6.32137687
42039,"Crawford County, Pennsylvania",2382,2226,4608,1254,1235,2489,54.01,18210,16491,34701,807,1207,2014,5.803867324
42041,"Cumberland County, Pennsylvania",7317,8111,15428,3809,5562,9371,60.74,47542,40986,88528,2971,2773,5744,6.488342671
42043,"Dauphin County, Pennsylvania",9445,9089,18534,5303,6148,11451,61.78,52670,44413,97083,4765,5026,9791,10.08518484
42045,"Delaware County, Pennsylvania",17999,17549,35548,12738,13327,26065,73.32,108832,88519,197351,11737,9895,21632,10.96118084
42047,"Elk County, Pennsylvania",671,835,1506,400,618,1018,67.60,7152,6599,13751,517,653,1170,8.508472111
42049,"Erie County, Pennsylvania",8886,9281,18167,5135,6528,11663,64.20,53616,46888,100504,4642,4662,9304,9.257342991
42051,"Fayette County, Pennsylvania",3548,4108,7656,1937,2817,4754,62.10,30151,26052,56203,2513,3110,5623,10.00480401
42053,"Forest County, Pennsylvania",26,618,644,13,411,424,65.84,1449,1598,3047,62,211,273,8.959632425
42055,"Franklin County, Pennsylvania",4392,4389,8781,1787,2581,4368,49.74,30105,26391,56496,1537,1830,3367,5.959713962
42057,"Fulton County, Pennsylvania",381,387,768,136,231,367,47.79,3013,2822,5835,95,208,303,5.192802057
42059,"Greene County, Pennsylvania",964,1429,2393,343,1001,1344,56.16,7539,7106,14645,527,874,1401,9.566404916
42061,"Huntingdon County, Pennsylvania",1083,1583,2666,498,941,1439,53.98,9079,8724,17803,472,767,1239,6.959501208
42063,"Indiana County, Pennsylvania",2102,2637,4739,1009,1669,2678,56.51,17091,15599,32690,1333,1354,2687,8.219639033
42065,"Jefferson County, Pennsylvania",1169,1285,2454,532,813,1345,54.81,9722,8688,18410,540,845,1385,7.52308528
42067,"Juniata County, Pennsylvania",649,666,1315,227,367,594,45.17,5106,4642,9748,169,327,496,5.088223225
42069,"Lackawanna County, Pennsylvania",6514,6621,13135,3915,4524,8439,64.25,46177,38166,84343,4497,4354,8851,10.49405404
42071,"Lancaster County, Pennsylvania",16566,16526,33092,7711,9744,17455,52.75,99469,86343,185812,6622,5638,12260,6.598066863
42073,"Lawrence County, Pennsylvania",2306,2369,4675,1202,1460,2662,56.94,20622,17286,37908,1534,1454,2988,7.882241216
42075,"Lebanon County, Pennsylvania",3793,3648,7441,1717,2380,4097,55.06,27600,23932,51532,1657,1924,3581,6.949080183
42077,"Lehigh County, Pennsylvania",11089,10953,22042,6865,7778,14643,66.43,67921,57810,125731,5312,5755,11067,8.802125172
42079,"Luzerne County, Pennsylvania",8968,9903,18871,6030,7651,13681,72.50,69181,58072,127253,6152,7152,13304,10.45476335
42081,"Lycoming County, Pennsylvania",3670,3725,7395,2020,2329,4349,58.81,24010,20786,44796,1354,1979,3333,7.440396464
42083,"McKean County, Pennsylvania",1079,1257,2336,589,877,1466,62.76,8807,8036,16843,631,638,1269,7.534287241
42085,"Mercer County, Pennsylvania",2827,2937,5764,1547,1928,3475,60.29,25483,22058,47541,1535,1682,3217,6.76679077
42087,"Mifflin County, Pennsylvania",1222,1264,2486,450,551,1001,40.27,10026,8822,18848,836,657,1493,7.921264856
42089,"Monroe County, Pennsylvania",3932,4463,8395,2687,3522,6209,73.96,31936,29598,61534,1894,2467,4361,7.087138818
42091,"Montgomery County, Pennsylvania",24460,25009,49469,14973,18346,33319,67.35,161671,136229,297900,13514,12019,25533,8.570996979
42093,"Montour County, Pennsylvania",609,590,1199,281,457,738,61.55,4249,3471,7720,553,316,869,11.25647668
42095,"Northampton County, Pennsylvania",8117,8524,16641,4780,5860,10640,63.94,60873,52221,113094,3718,4300,8018,7.089677613
42097,"Northumberland County, Pennsylvania",2557,3058,5615,1210,1991,3201,57.01,20661,18062,38723,1391,1862,3253,8.400692095
42099,"Perry County, Pennsylvania",1235,1269,2504,521,730,1251,49.96,8850,8424,17274,284,601,885,5.123306704
42101,"Philadelphia County, Pennsylvania",76202,69777,145979,58672,57541,116213,79.61,260949,198040,458989,53919,45969,99888,21.76261305
42103,"Pike County, Pennsylvania",1061,1105,2166,645,730,1375,63.48,12209,11708,23917,573,790,1363,5.698875277
42105,"Potter County, Pennsylvania",393,440,833,149,253,402,48.26,3955,3664,7619,185,261,446,5.853786586
42107,"Schuylkill County, Pennsylvania",3813,4501,8314,2348,3342,5690,68.44,31484,28199,59683,2320,3045,5365,8.989159392
42109,"Snyder County, Pennsylvania",1097,1151,2248,420,657,1077,47.91,7665,6820,14485,295,469,764,5.274421816
42111,"Somerset County, Pennsylvania",1801,2434,4235,639,1565,2204,52.04,16982,15906,32888,917,1535,2452,7.455606908
42113,"Sullivan County, Pennsylvania",123,145,268,59,84,143,53.36,1711,1660,3371,111,187,298,8.840106793
42115,"Susquehanna County, Pennsylvania",1008,1108,2116,457,724,1181,55.81,9460,9114,18574,423,882,1305,7.025950253
42117,"Tioga County, Pennsylvania",1131,1246,2377,556,696,1252,52.67,8859,8304,17163,398,487,885,5.156441182
42119,"Union County, Pennsylvania",1213,1736,2949,643,1244,1887,63.99,7843,7469,15312,357,425,782,5.107105538
42121,"Venango County, Pennsylvania",1442,1347,2789,679,790,1469,52.67,12415,11017,23432,711,876,1587,6.772789348
42123,"Warren County, Pennsylvania",1024,1097,2121,467,752,1219,57.47,9378,8704,18082,448,476,924,5.110054198
42125,"Washington County, Pennsylvania",5068,5364,10432,2675,3629,6304,60.43,46121,39787,85908,2868,3249,6117,7.120407878
42127,"Wayne County, Pennsylvania",1070,1430,2500,466,1015,1481,59.24,11533,11376,22909,621,952,1573,6.866297088
42129,"Westmoreland County, Pennsylvania",8772,9303,18075,4918,6488,11406,63.10,85141,72915,158056,5347,5929,11276,7.134180291
42131,"Wyoming County, Pennsylvania",759,787,1546,436,510,946,61.19,5774,5547,11321,248,433,681,6.015369667
42133,"York County, Pennsylvania",12778,12771,25549,6213,7830,14043,54.96,83707,74840,158547,4938,4972,9910,6.250512466
44001,"Bristol County, Rhode Island",1160,1289,2449,718,1112,1830,74.72,10842,9125,19967,613,763,1376,6.891370762
44003,"Kent County, Rhode Island",4723,5037,9760,3001,3716,6717,68.82,35950,29440,65390,2573,2602,5175,7.914054137
44005,"Newport County, Rhode Island",2259,2562,4821,1335,1964,3299,68.43,18125,15766,33891,1264,1576,2840,8.379805848
44007,"Providence County, Rhode Island",22892,23266,46158,15696,18057,33753,73.12,113714,93342,207056,12438,11782,24220,11.6973186
44009,"Washington County, Rhode Island",2595,2706,5301,1251,1844,3095,58.39,26811,23561,50372,1350,1672,3022,5.999364726
45001,"Abbeville County, South Carolina",596,601,1197,326,328,654,54.64,5400,4627,10027,321,498,819,8.167946544
45003,"Aiken County, South Carolina",5104,5134,10238,2768,2945,5713,55.80,33044,28311,61355,1988,1916,3904,6.362969603
45005,"Allendale County, South Carolina",247,425,672,150,354,504,75.00,1933,1614,3547,122,383,505,14.2373837
45007,"Anderson County, South Carolina",5537,5119,10656,2565,2754,5319,49.92,37417,31930,69347,1926,1684,3610,5.205704645
45009,"Bamberg County, South Carolina",384,295,679,163,234,397,58.47,3277,2709,5986,323,595,918,15.33578349
45011,"Barnwell County, South Carolina",609,371,980,365,257,622,63.47,4419,3624,8043,475,284,759,9.436777322
45013,"Beaufort County, South Carolina",5124,5579,10703,2709,2783,5492,51.31,37696,32361,70057,1651,1735,3386,4.833207246
45015,"Berkeley County, South Carolina",7059,7172,14231,3153,3643,6796,47.75,29855,26288,56143,1738,1670,3408,6.070213562
45017,"Calhoun County, South Carolina",363,365,728,228,262,490,67.31,3393,3020,6413,318,293,611,9.52752222
45019,"Charleston County, South Carolina",16839,16139,32978,11388,12401,23789,72.14,66185,54984,121169,5215,6413,11628,9.59651396
45021,"Cherokee County, South Carolina",1662,1459,3121,918,891,1809,57.96,10198,8750,18948,681,894,1575,8.312222926
45023,"Chester County, South Carolina",918,845,1763,575,599,1174,66.59,6607,5686,12293,697,497,1194,9.712844708
45025,"Chesterfield County, South Carolina",1215,1285,2500,651,862,1513,60.52,8881,7802,16683,655,705,1360,8.152011029
45027,"Clarendon County, South Carolina",892,997,1889,576,562,1138,60.24,7577,6457,14034,764,875,1639,11.67878011
45029,"Colleton County, South Carolina",1116,961,2077,798,681,1479,71.21,7902,6887,14789,679,769,1448,9.791060924
45031,"Darlington County, South Carolina",1890,1647,3537,1097,1147,2244,63.44,14064,11318,25382,1326,1043,2369,9.333385864
45033,"Dillon County, South Carolina",938,863,1801,603,620,1223,67.91,6047,4714,10761,668,474,1142,10.61239662
45035,"Dorchester County, South Carolina",4828,4905,9733,1961,2633,4594,47.20,22817,19882,42699,1087,895,1982,4.64179489
45037,"Edgefield County, South Carolina",601,986,1587,291,591,882,55.58,4988,4829,9817,541,346,887,9.035346847
45039,"Fairfield County, South Carolina",601,799,1400,407,533,940,67.14,5183,4417,9600,543,494,1037,10.80208333
45041,"Florence County, South Carolina",4392,3998,8390,2661,2723,5384,64.17,26091,20819,46910,1962,1837,3799,8.098486463
45043,"Georgetown County, South Carolina",1389,1226,2615,962,1072,2034,77.78,15068,12586,27654,1057,945,2002,7.239459029
45045,"Greenville County, South Carolina",15924,15665,31589,8520,9992,18512,58.60,82624,69938,152562,5537,4813,10350,6.784127109
45047,"Greenwood County, South Carolina",2314,1945,4259,1350,1081,2431,57.08,13484,10882,24366,1218,957,2175,8.926372815
45049,"Hampton County, South Carolina",516,687,1203,260,487,747,62.09,3858,3467,7325,305,238,543,7.412969283
45051,"Horry County, South Carolina",8784,9140,17924,5293,6593,11886,66.31,61136,52941,114077,2906,3227,6133,5.376193273
45053,"Jasper County, South Carolina",913,1114,2027,543,669,1212,59.79,4455,4151,8606,450,622,1072,12.45642575
45055,"Kershaw County, South Carolina",1688,1689,3377,886,1084,1970,58.34,12601,10735,23336,741,913,1654,7.087761399
45057,"Lancaster County, South Carolina",2157,2232,4389,1058,1473,2531,57.67,16101,13584,29685,1086,1242,2328,7.842344618
45059,"Laurens County, South Carolina",2002,1778,3780,1110,1211,2321,61.40,13228,11252,24480,854,796,1650,6.740196078
45061,"Lee County, South Carolina",486,700,1186,384,619,1003,84.57,3691,3154,6845,512,520,1032,15.07669832
45063,"Lexington County, South Carolina",9032,8737,17769,4450,5312,9762,54.94,48448,42076,90524,2191,2806,4997,5.520083072
45065,"McCormick County, South Carolina",190,311,501,124,293,417,83.23,2600,2612,5212,207,187,394,7.559478127
45067,"Marion County, South Carolina",934,966,1900,551,616,1167,61.42,7029,5238,12267,747,353,1100,8.967147632
45069,"Marlboro County, South Carolina",735,1201,1936,488,973,1461,75.46,5269,4650,9919,566,612,1178,11.8761972
45071,"Newberry County, South Carolina",956,1185,2141,536,793,1329,62.07,7729,6548,14277,583,682,1265,8.860404847
45073,"Oconee County, South Carolina",1971,1959,3930,944,1292,2236,56.90,16695,14913,31608,627,769,1396,4.416603392
45075,"Orangeburg County, South Carolina",2948,2698,5646,2145,2106,4251,75.29,18406,15061,33467,1804,1626,3430,10.2489019
45077,"Pickens County, South Carolina",3202,3798,7000,1713,2367,4080,58.29,20903,18172,39075,1086,1189,2275,5.822136916
45079,"Richland County, South Carolina",15134,15591,30725,9708,10977,20685,67.32,60975,49336,110311,5707,5365,11072,10.03707699
45081,"Saluda County, South Carolina",573,688,1261,292,392,684,54.24,4010,3579,7589,324,420,744,9.803663197
45083,"Spartanburg County, South Carolina",8935,8717,17652,3938,5244,9182,52.02,53095,44892,97987,3264,3182,6446,6.578423668
45085,"Sumter County, South Carolina",3869,3823,7692,2026,2238,4264,55.43,19523,15681,35204,1750,1587,3337,9.479036473
45087,"Union County, South Carolina",741,636,1377,429,400,829,60.20,6211,5093,11304,388,443,831,7.351380042
45089,"Williamsburg County, South Carolina",845,1030,1875,562,745,1307,69.71,7213,5699,12912,755,1041,1796,13.90954151
45091,"York County, South Carolina",7285,6470,13755,3515,4487,8002,58.18,39915,34607,74522,2215,1800,4015,5.387670755
46003,"Aurora County, South Dakota",51,73,124,10,34,44,35.48,559,559,1118,6,52,58,5.18783542
46005,"Beadle County, South Dakota",643,652,1295,306,470,776,59.92,3525,3229,6754,218,354,572,8.469055375
46007,"Bennett County, South Dakota",109,136,245,80,96,176,71.84,572,451,1023,21,45,66,6.451612903
46009,"Bon Homme County, South Dakota",124,342,466,42,266,308,66.09,1402,1491,2893,40,204,244,8.4341514
46011,"Brookings County, South Dakota",1086,1423,2509,362,854,1216,48.47,4170,3828,7998,157,335,492,6.151537884
46013,"Brown County, South Dakota",1141,1394,2535,426,724,1150,45.36,7314,6086,13400,489,562,1051,7.843283582
46015,"Brule County, South Dakota",142,137,279,57,61,118,42.29,1129,991,2120,89,49,138,6.509433962
46017,"Buffalo County, South Dakota",65,59,124,33,42,75,60.48,225,202,427,54,21,75,17.56440281
46019,"Butte County, South Dakota",284,276,560,106,158,264,47.14,2052,2010,4062,39,150,189,4.652880355
46021,"Campbell County, South Dakota",40,23,63,8,12,20,31.75,367,369,736,13,33,46,6.25
46023,"Charles Mix County, South Dakota",226,238,464,124,134,258,55.60,1751,1643,3394,129,206,335,9.870359458
46025,"Clark County, South Dakota",90,91,181,10,49,59,32.60,818,775,1593,50,148,198,12.42937853
46027,"Clay County, South Dakota",472,577,1049,198,407,605,57.67,1768,1639,3407,126,138,264,7.748752568
46029,"Codington County, South Dakota",807,916,1723,319,584,903,52.41,5188,4560,9748,271,362,633,6.493639721
46031,"Corson County, South Dakota",136,124,260,93,79,172,66.15,562,560,1122,53,81,134,11.942959
46033,"Custer County, South Dakota",155,145,300,38,40,78,26.00,2290,2178,4468,28,123,151,3.379588183
46035,"Davison County, South Dakota",560,728,1288,223,323,546,42.39,3973,3259,7232,175,274,449,6.208517699
46037,"Day County, South Dakota",129,123,252,55,55,110,43.65,1359,1335,2694,30,101,131,4.862657758
46039,"Deuel County, South Dakota",90,100,190,18,34,52,27.37,921,934,1855,54,50,104,5.606469003
46041,"Dewey County, South Dakota",173,167,340,114,92,206,60.59,747,659,1406,76,63,139,9.886201991
46043,"Douglas County, South Dakota",60,78,138,12,34,46,33.33,736,683,1419,19,35,54,3.805496829
46045,"Edmunds County, South Dakota",79,88,167,3,33,36,21.56,920,910,1830,83,164,247,13.49726776
46047,"Fall River County, South Dakota",128,106,234,14,7,21,8.97,1833,1846,3679,76,158,234,6.360424028
46049,"Faulk County, South Dakota",63,52,115,16,28,44,38.26,508,498,1006,38,72,110,10.93439364
46051,"Grant County, South Dakota",151,156,307,48,105,153,49.84,1586,1518,3104,38,86,124,3.994845361
46053,"Gregory County, South Dakota",82,90,172,42,63,105,61.05,1033,975,2008,45,84,129,6.424302789
46055,"Haakon County, South Dakota",64,29,93,16,12,28,30.11,552,453,1005,13,23,36,3.582089552
46057,"Hamlin County, South Dakota",147,152,299,19,48,67,22.41,1077,1037,2114,87,76,163,7.710501419
46059,"Hand County, South Dakota",63,81,144,13,36,49,34.03,836,781,1617,56,129,185,11.44094001
46061,"Hanson County, South Dakota",79,69,148,0,53,53,35.81,540,560,1100,87,82,169,15.36363636
46063,"Harding County, South Dakota",23,47,70,1,24,25,35.71,254,225,479,3,23,26,5.427974948
46065,"Hughes County, South Dakota",669,675,1344,273,445,718,53.42,3249,2988,6237,236,256,492,7.888407888
46067,"Hutchinson County, South Dakota",148,187,335,45,117,162,48.36,1735,1579,3314,217,240,457,13.78998189
46069,"Hyde County, South Dakota",39,49,88,25,20,45,51.14,330,302,632,14,43,57,9.018987342
46071,"Jackson County, South Dakota",107,56,163,22,13,35,21.47,408,508,916,23,47,70,7.641921397
46073,"Jerauld County, South Dakota",55,48,103,8,14,22,21.36,533,416,949,25,21,46,4.847207587
46075,"Jones County, South Dakota",13,46,59,0,16,16,27.12,209,223,432,7,24,31,7.175925926
46077,"Kingsbury County, South Dakota",116,124,240,37,49,86,35.83,1182,1142,2324,38,50,88,3.786574871
46079,"Lake County, South Dakota",285,321,606,70,218,288,47.52,2506,2358,4864,111,254,365,7.504111842
46081,"Lawrence County, South Dakota",667,769,1436,315,491,806,56.13,5156,4693,9849,184,217,401,4.071479338
46083,"Lincoln County, South Dakota",1964,1836,3800,676,794,1470,38.68,6712,6083,12795,278,312,590,4.611176241
46085,"Lyman County, South Dakota",104,122,226,61,96,157,69.47,650,671,1321,50,52,102,7.721423164
46087,"McCook County, South Dakota",123,124,247,36,70,106,42.91,1189,1072,2261,25,175,200,8.845643521
46089,"McPherson County, South Dakota",21,47,68,11,42,53,77.94,636,594,1230,44,56,100,8.130081301
46091,"Marshall County, South Dakota",103,191,294,21,161,182,61.90,991,946,1937,126,154,280,14.45534331
46093,"Meade County, South Dakota",867,992,1859,205,412,617,33.19,4359,4331,8690,88,321,409,4.706559264
46095,"Mellette County, South Dakota",53,61,114,35,47,82,71.93,340,354,694,10,57,67,9.654178674
46097,"Miner County, South Dakota",18,59,77,0,34,34,44.16,526,497,1023,55,41,96,9.384164223
46099,"Minnehaha County, South Dakota",6930,7470,14400,3551,4848,8399,58.33,28226,24844,53070,2445,2072,4517,8.511400038
46101,"Moody County, South Dakota",187,185,372,94,111,205,55.11,1250,1168,2418,97,81,178,7.361455749
46103,"Pennington County, South Dakota",3729,3896,7625,1608,2364,3972,52.09,19050,17352,36402,1023,1550,2573,7.068292951
46105,"Perkins County, South Dakota",72,65,137,16,48,64,46.72,709,756,1465,39,73,112,7.645051195
46107,"Potter County, South Dakota",56,46,102,21,17,38,37.25,640,572,1212,33,26,59,4.867986799
46109,"Roberts County, South Dakota",240,243,483,112,187,299,61.90,1952,1939,3891,136,207,343,8.815214598
46111,"Sanborn County, South Dakota",70,66,136,45,28,73,53.68,554,542,1096,24,28,52,4.744525547
46113,"Shannon County, South Dakota",544,533,1077,430,432,862,80.04,1532,1248,2780,349,453,802,28.84892086
46115,"Spink County, South Dakota",152,208,360,70,105,175,48.61,1432,1356,2788,89,89,178,6.384505022
46117,"Stanley County, South Dakota",93,66,159,60,26,86,54.09,541,541,1082,6,36,42,3.881700555
46119,"Sully County, South Dakota",30,37,67,8,24,32,47.76,269,338,607,5,26,31,5.10708402
46121,"Todd County, South Dakota",396,343,739,228,246,474,64.14,1063,951,2014,156,152,308,15.29294935
46123,"Tripp County, South Dakota",201,126,327,60,86,146,44.65,1254,1171,2425,38,149,187,7.711340206
46125,"Turner County, South Dakota",202,197,399,76,89,165,41.35,1816,1680,3496,50,169,219,6.264302059
46127,"Union County, South Dakota",357,363,720,149,192,341,47.36,2804,2644,5448,87,114,201,3.689427313
46129,"Walworth County, South Dakota",74,144,218,27,41,68,31.19,1275,1173,2448,66,126,192,7.843137255
46135,"Yankton County, South Dakota",652,752,1404,276,481,757,53.92,4415,4116,8531,385,327,712,8.346032118
46137,"Ziebach County, South Dakota",80,88,168,49,51,100,59.52,317,316,633,44,43,87,13.74407583
47001,"Anderson County, Tennessee",1931,1934,3865,939,1265,2204,57.02,16369,13897,30266,862,951,1813,5.990220049
47003,"Bedford County, Tennessee",1333,1393,2726,534,717,1251,45.89,7695,6897,14592,208,354,562,3.851425439
47005,"Benton County, Tennessee",382,388,770,151,207,358,46.49,3819,3396,7215,107,242,349,4.837144837
47007,"Bledsoe County, Tennessee",244,449,693,76,215,291,41.99,2471,2616,5087,56,98,154,3.027324553
47009,"Blount County, Tennessee",3284,3390,6674,1266,2183,3449,51.68,25933,22281,48214,777,976,1753,3.635873398
47011,"Bradley County, Tennessee",3039,3090,6129,1212,1562,2774,45.26,18760,15834,34594,596,879,1475,4.263745158
47013,"Campbell County, Tennessee",1014,1019,2033,328,568,896,44.07,8660,7383,16043,274,685,959,5.977684972
47015,"Cannon County, Tennessee",387,375,762,91,267,358,46.98,2834,2434,5268,68,140,208,3.948367502
47017,"Carroll County, Tennessee",776,726,1502,352,345,697,46.40,6127,5063,11190,197,221,418,3.735478105
47019,"Carter County, Tennessee",1646,1679,3325,707,636,1343,40.39,12311,10646,22957,471,609,1080,4.704447445
47021,"Cheatham County, Tennessee",1103,1095,2198,427,573,1000,45.50,6924,6474,13398,213,210,423,3.15718764
47023,"Chester County, Tennessee",482,407,889,177,205,382,42.97,3213,2727,5940,102,195,297,5
47025,"Claiborne County, Tennessee",918,1001,1919,371,560,931,48.51,6556,5820,12376,320,451,771,6.229799612
47027,"Clay County, Tennessee",175,178,353,40,80,120,33.99,1768,1631,3399,39,79,118,3.471609297
47029,"Cocke County, Tennessee",928,813,1741,108,386,494,28.37,7688,6825,14513,382,282,664,4.575208434
47031,"Coffee County, Tennessee",1581,1478,3059,392,740,1132,37.01,10436,8947,19383,337,544,881,4.545220038
47033,"Crockett County, Tennessee",471,409,880,165,140,305,34.66,2886,2354,5240,126,114,240,4.580152672
47035,"Cumberland County, Tennessee",1281,1376,2657,254,709,963,36.24,14937,13157,28094,312,463,775,2.758596142
47037,"Davidson County, Tennessee",33462,30537,63999,20949,20776,41725,65.20,102346,83189,185535,11349,10702,22051,11.88508907
47039,"Decatur County, Tennessee",286,314,600,56,163,219,36.50,2733,2343,5076,130,112,242,4.767533491
47041,"DeKalb County, Tennessee",477,463,940,243,240,483,51.38,3798,3326,7124,172,135,307,4.309376755
47043,"Dickson County, Tennessee",1624,1476,3100,574,784,1358,43.81,9154,7979,17133,363,326,689,4.021479017
47045,"Dyer County, Tennessee",1023,1066,2089,263,412,675,32.31,7355,6324,13679,323,340,663,4.84684553
47047,"Fayette County, Tennessee",1095,993,2088,424,555,979,46.89,8226,7582,15808,620,430,1050,6.642206478
47049,"Fentress County, Tennessee",422,397,819,114,178,292,35.65,3829,3488,7317,159,214,373,5.097717644
47051,"Franklin County, Tennessee",974,909,1883,212,516,728,38.66,8616,7510,16126,227,349,576,3.571871512
47053,"Gibson County, Tennessee",1445,1316,2761,633,533,1166,42.23,10045,8223,18268,499,446,945,5.172980074
47055,"Giles County, Tennessee",802,721,1523,284,333,617,40.51,6099,5460,11559,206,435,641,5.54546241
47057,"Grainger County, Tennessee",529,571,1100,151,288,439,39.91,4723,4313,9036,148,269,417,4.614873838
47059,"Greene County, Tennessee",1752,1707,3459,649,696,1345,38.88,14907,12988,27895,666,672,1338,4.796558523
47061,"Grundy County, Tennessee",352,336,688,78,145,223,32.41,2875,2554,5429,155,205,360,6.631055443
47063,"Hamblen County, Tennessee",1865,2014,3879,619,1165,1784,45.99,12476,10322,22798,491,564,1055,4.627598912
47065,"Hamilton County, Tennessee",11721,11532,23253,6075,7164,13239,56.93,68138,56185,124323,4715,4558,9273,7.458796844
47067,"Hancock County, Tennessee",182,192,374,79,84,163,43.58,1465,1303,2768,50,88,138,4.985549133
47069,"Hardeman County, Tennessee",635,1227,1862,378,985,1363,73.20,4863,4628,9491,393,330,723,7.617743125
47071,"Hardin County, Tennessee",668,589,1257,287,257,544,43.28,5857,5094,10951,251,181,432,3.94484522
47073,"Hawkins County, Tennessee",1532,1388,2920,435,521,956,32.74,11851,10593,22444,403,564,967,4.308501158
47075,"Haywood County, Tennessee",542,467,1009,301,249,550,54.51,3835,2977,6812,344,270,614,9.013505578
47077,"Henderson County, Tennessee",822,677,1499,288,383,671,44.76,5419,4617,10036,99,263,362,3.607014747
47079,"Henry County, Tennessee",829,731,1560,226,265,491,31.47,7423,6383,13806,190,333,523,3.788208025
47081,"Hickman County, Tennessee",620,892,1512,198,630,828,54.76,4453,4246,8699,136,252,388,4.460282791
47083,"Houston County, Tennessee",224,237,461,37,130,167,36.23,1748,1577,3325,79,88,167,5.022556391
47085,"Humphreys County, Tennessee",479,430,909,153,222,375,41.25,3759,3498,7257,164,170,334,4.602452804
47087,"Jackson County, Tennessee",277,250,527,114,106,220,41.75,2544,2458,5002,60,99,159,3.178728509
47089,"Jefferson County, Tennessee",1349,1320,2669,625,670,1295,48.52,10770,9472,20242,328,514,842,4.159668017
47091,"Johnson County, Tennessee",402,662,1064,84,371,455,42.76,3823,3551,7374,197,240,437,5.926227285
47093,"Knox County, Tennessee",15360,14472,29832,7528,8863,16391,54.94,79340,66595,145935,5322,5087,10409,7.13262754
47095,"Lake County, Tennessee",200,516,716,117,411,528,73.74,1201,1323,2524,83,180,263,10.4199683
47097,"Lauderdale County, Tennessee",770,1179,1949,355,775,1130,57.98,4726,4090,8816,290,348,638,7.236842105
47099,"Lawrence County, Tennessee",1282,1103,2385,353,477,830,34.80,8224,7114,15338,365,324,689,4.492111097
47101,"Lewis County, Tennessee",303,285,588,46,167,213,36.22,2620,2307,4927,118,160,278,5.642378729
47103,"Lincoln County, Tennessee",878,902,1780,279,353,632,35.51,7110,6158,13268,244,356,600,4.522158577
47105,"Loudon County, Tennessee",1220,1231,2451,458,647,1105,45.08,11971,10580,22551,363,472,835,3.702718283
47107,"McMinn County, Tennessee",1357,1291,2648,451,728,1179,44.52,10954,9677,20631,240,595,835,4.04730745
47109,"McNairy County, Tennessee",661,649,1310,234,370,604,46.11,5504,4851,10355,238,246,484,4.674070497
47111,"Macon County, Tennessee",713,627,1340,281,252,533,39.78,4101,3690,7791,155,224,379,4.864587344
47113,"Madison County, Tennessee",3330,3003,6333,1664,1957,3621,57.18,18397,15036,33433,1313,951,2264,6.77175246
47115,"Marion County, Tennessee",759,732,1491,321,420,741,49.70,6060,5209,11269,174,230,404,3.585056349
47117,"Marshall County, Tennessee",829,850,1679,385,457,842,50.15,5788,5063,10851,131,259,390,3.594138789
47119,"Maury County, Tennessee",2806,2465,5271,1427,1313,2740,51.98,15891,13330,29221,748,789,1537,5.259915814
47121,"Meigs County, Tennessee",344,280,624,91,180,271,43.43,2445,2318,4763,72,78,150,3.149275667
47123,"Monroe County, Tennessee",1115,1110,2225,226,508,734,32.99,9315,8654,17969,248,298,546,3.03856642
47125,"Montgomery County, Tennessee",8774,9468,18242,2061,3898,5959,32.67,22226,19084,41310,778,922,1700,4.115226337
47127,"Moore County, Tennessee",73,186,259,8,109,117,45.17,1409,1266,2675,42,107,149,5.570093458
47129,"Morgan County, Tennessee",502,879,1381,112,522,634,45.91,3919,3887,7806,117,164,281,3.599795029
47131,"Obion County, Tennessee",842,752,1594,432,498,930,58.34,6577,5554,12131,295,348,643,5.300469871
47133,"Overton County, Tennessee",576,496,1072,178,248,426,39.74,4535,4030,8565,152,240,392,4.576765908
47135,"Perry County, Tennessee",178,257,435,70,172,242,55.63,1712,1586,3298,33,158,191,5.79138872
47137,"Pickett County, Tennessee",95,109,204,7,10,17,8.33,1314,1170,2484,39,35,74,2.979066023
47139,"Polk County, Tennessee",404,388,792,132,122,254,32.07,3512,3229,6741,101,229,330,4.89541611
47141,"Putnam County, Tennessee",2224,2351,4575,993,1437,2430,53.11,13344,11063,24407,446,618,1064,4.359405089
47143,"Rhea County, Tennessee",872,868,1740,231,371,602,34.60,6312,5569,11881,196,395,591,4.97432876
47145,"Roane County, Tennessee",1271,1227,2498,584,701,1285,51.44,12411,11073,23484,419,785,1204,5.126894907
47147,"Robertson County, Tennessee",2000,2005,4005,701,1023,1724,43.05,11676,10403,22079,563,474,1037,4.696770687
47149,"Rutherford County, Tennessee",9841,9975,19816,3988,5829,9817,49.54,37136,32613,69749,1814,1421,3235,4.638059327
47151,"Scott County, Tennessee",605,626,1231,134,302,436,35.42,4016,3552,7568,241,140,381,5.03435518
47153,"Sequatchie County, Tennessee",350,334,684,119,166,285,41.67,2930,2745,5675,202,150,352,6.202643172
47155,"Sevier County, Tennessee",2509,2650,5159,1069,1277,2346,45.47,18929,16433,35362,744,782,1526,4.315366778
47157,"Shelby County, Tennessee",34835,32847,67682,23035,23814,46849,69.22,155898,123689,279587,16871,14696,31567,11.29058218
47159,"Smith County, Tennessee",591,535,1126,170,203,373,33.13,3648,3262,6910,162,110,272,3.936324168
47161,"Stewart County, Tennessee",335,298,633,77,98,175,27.65,2709,2629,5338,156,200,356,6.669164481
47163,"Sullivan County, Tennessee",4087,3972,8059,1503,2122,3625,44.98,35248,29797,65045,1469,1414,2883,4.432316089
47165,"Sumner County, Tennessee",4861,4756,9617,2033,2360,4393,45.68,30124,26126,56250,1316,905,2221,3.948444444
47167,"Tipton County, Tennessee",1801,1761,3562,921,984,1905,53.48,10306,9215,19521,615,359,974,4.989498489
47169,"Trousdale County, Tennessee",216,218,434,60,34,94,21.66,1470,1364,2834,108,77,185,6.527875794
47171,"Unicoi County, Tennessee",425,474,899,92,241,333,37.04,4183,3683,7866,296,295,591,7.513348589
47173,"Union County, Tennessee",535,567,1102,261,232,493,44.74,3653,3414,7067,153,141,294,4.160181124
47175,"Van Buren County, Tennessee",128,63,191,66,13,79,41.36,1276,1205,2481,60,80,140,5.642885933
47177,"Warren County, Tennessee",1158,1071,2229,465,512,977,43.83,7757,6583,14340,321,309,630,4.393305439
47179,"Washington County, Tennessee",3964,3808,7772,1720,2184,3904,50.23,23982,20889,44871,1128,1290,2418,5.388781173
47181,"Wayne County, Tennessee",363,790,1153,115,569,684,59.32,3245,3166,6411,84,145,229,3.57198565
47183,"Weakley County, Tennessee",893,1031,1924,299,593,892,46.36,6447,5518,11965,183,299,482,4.028416214
47185,"White County, Tennessee",745,793,1538,402,349,751,48.83,5452,4783,10235,239,291,530,5.178309722
47187,"Williamson County, Tennessee",3990,4063,8053,1617,2250,3867,48.02,32080,28793,60873,1198,965,2163,3.553299492
47189,"Wilson County, Tennessee",3044,2999,6043,967,1726,2693,44.56,21753,19444,41197,805,893,1698,4.121659344
48001,"Anderson County, Texas",1308,2617,3925,535,1605,2140,54.52,8744,10385,19129,313,982,1295,6.769825919
48003,"Andrews County, Texas",625,589,1214,120,239,359,29.57,2294,2162,4456,19,88,107,2.401256732
48005,"Angelina County, Texas",2744,2627,5371,692,1286,1978,36.83,15143,13460,28603,773,717,1490,5.209243786
48007,"Aransas County, Texas",514,591,1105,216,400,616,55.75,6003,5743,11746,225,275,500,4.256768262
48009,"Archer County, Texas",180,203,383,30,96,126,32.90,1852,1699,3551,20,68,88,2.478175162
48011,"Armstrong County, Texas",42,47,89,22,29,51,57.30,423,410,833,15,8,23,2.761104442
48013,"Atascosa County, Texas",1356,1333,2689,502,842,1344,49.98,7742,7105,14847,271,309,580,3.9065131
48015,"Austin County, Texas",627,679,1306,257,372,629,48.16,5747,5215,10962,244,165,409,3.731070972
48017,"Bailey County, Texas",230,211,441,94,42,136,30.84,1150,1082,2232,14,77,91,4.077060932
48019,"Bandera County, Texas",458,484,942,169,336,505,53.61,5230,5123,10353,102,248,350,3.38066261
48021,"Bastrop County, Texas",2089,2245,4334,713,1190,1903,43.91,13174,12656,25830,530,932,1462,5.660085172
48023,"Baylor County, Texas",58,75,133,23,9,32,24.06,913,800,1713,13,55,68,3.9696439
48025,"Bee County, Texas",824,1728,2552,321,1151,1472,57.68,4461,4797,9258,273,528,801,8.651976669
48027,"Bell County, Texas",14513,15753,30266,4783,6960,11743,38.80,41300,35613,76913,2001,2667,4668,6.069195065
48029,"Bexar County, Texas",69549,71312,140861,35420,43458,78878,56.00,267177,224157,491334,20087,20376,40463,8.235334823
48031,"Blanco County, Texas",186,355,541,57,300,357,65.99,2531,2461,4992,96,91,187,3.74599359
48033,"Borden County, Texas",38,29,67,0,2,2,2.99,132,112,244,0,0,0,0
48035,"Bosque County, Texas",403,386,789,124,260,384,48.67,4180,3944,8124,123,156,279,3.434268833
48037,"Bowie County, Texas",2784,3384,6168,962,2023,2985,48.39,16950,14675,31625,1085,1121,2206,6.975494071
48039,"Brazoria County, Texas",10479,10748,21227,4268,5414,9682,45.61,47103,45653,92756,1869,2542,4411,4.755487516
48041,"Brazos County, Texas",8375,9149,17524,4144,5732,9876,56.36,21277,18807,40084,904,1269,2173,5.421115657
48043,"Brewster County, Texas",286,336,622,223,262,485,77.97,1883,1797,3680,71,149,220,5.97826087
48045,"Briscoe County, Texas",35,40,75,6,17,23,30.67,329,327,656,12,13,25,3.81097561
48047,"Brooks County, Texas",254,546,800,148,474,622,77.75,1368,1022,2390,153,92,245,10.25104603
48049,"Brown County, Texas",1093,1078,2171,472,523,995,45.83,7755,6796,14551,246,328,574,3.944746066
48051,"Burleson County, Texas",469,391,860,152,218,370,43.02,3775,3333,7108,62,257,319,4.487900957
48053,"Burnet County, Texas",1079,1192,2271,562,612,1174,51.70,9574,8838,18412,286,308,594,3.226156854
48055,"Caldwell County, Texas",1236,1182,2418,431,754,1185,49.01,6259,5788,12047,190,505,695,5.769071138
48057,"Calhoun County, Texas",603,842,1445,285,625,910,62.98,3768,3856,7624,126,229,355,4.656348374
48059,"Callahan County, Texas",350,302,652,168,167,335,51.38,2955,2705,5660,174,162,336,5.93639576
48061,"Cameron County, Texas",12860,12370,25230,5879,6870,12749,50.53,60526,49850,110376,5025,2878,7903,7.16007103
48063,"Camp County, Texas",324,349,673,107,127,234,34.77,2312,2125,4437,69,137,206,4.642776651
48065,"Carson County, Texas",94,137,231,35,78,113,48.92,1267,1172,2439,9,41,50,2.0500205
48067,"Cass County, Texas",841,709,1550,312,363,675,43.55,6797,5830,12627,314,303,617,4.886354637
48069,"Castro County, Texas",194,225,419,82,100,182,43.44,1267,1284,2551,8,72,80,3.136025088
48071,"Chambers County, Texas",1008,1034,2042,229,603,832,40.74,5252,5369,10621,184,69,253,2.382073251
48073,"Cherokee County, Texas",1416,1475,2891,599,799,1398,48.36,9210,8504,17714,321,870,1191,6.72349554
48075,"Childress County, Texas",307,532,839,249,334,583,69.49,1012,1054,2066,25,33,58,2.807357212
48077,"Clay County, Texas",242,261,503,40,165,205,40.76,2370,2250,4620,42,75,117,2.532467532
48079,"Cochran County, Texas",111,95,206,45,24,69,33.50,495,483,978,21,23,44,4.498977505
48081,"Coke County, Texas",85,30,115,3,0,3,2.61,856,751,1607,21,18,39,2.42688239
48083,"Coleman County, Texas",146,166,312,24,52,76,24.36,2056,1950,4006,104,150,254,6.340489266
48085,"Collin County, Texas",26222,24611,50833,11424,14629,26053,51.25,115506,103097,218603,4830,4487,9317,4.262064107
48087,"Collingsworth County, Texas",113,62,175,51,33,84,48.00,646,564,1210,11,23,34,2.809917355
48089,"Colorado County, Texas",422,487,909,134,180,314,34.54,4572,4231,8803,125,331,456,5.180052255
48091,"Comal County, Texas",3042,2986,6028,1405,1829,3234,53.65,23802,21654,45456,1172,1138,2310,5.081837381
48093,"Comanche County, Texas",237,326,563,96,181,277,49.20,2987,2842,5829,36,265,301,5.163835992
48095,"Concho County, Texas",35,174,209,4,92,96,45.93,628,834,1462,30,75,105,7.181942544
48097,"Cooke County, Texas",1042,1128,2170,371,695,1066,49.12,7597,6905,14502,165,343,508,3.502965108
48099,"Coryell County, Texas",3865,3534,7399,1059,1448,2507,33.88,8984,7298,16282,348,519,867,5.324898661
48101,"Cottle County, Texas",17,28,45,0,7,7,15.56,496,341,837,14,12,26,3.106332139
48103,"Crane County, Texas",144,136,280,29,92,121,43.21,711,579,1290,7,2,9,0.6976744186
48105,"Crockett County, Texas",114,172,286,21,32,53,18.53,790,666,1456,3,25,28,1.923076923
48107,"Crosby County, Texas",143,127,270,26,50,76,28.15,1178,1024,2202,25,63,88,3.996366939
48109,"Culberson County, Texas",100,87,187,48,31,79,42.25,505,404,909,0,60,60,6.600660066
48111,"Dallam County, Texas",252,199,451,96,86,182,40.35,851,830,1681,31,105,136,8.090422368
48113,"Dallas County, Texas",100331,99892,200223,55356,64717,120073,59.97,339721,292059,631780,28574,31858,60432,9.565355029
48115,"Dawson County, Texas",346,967,1313,192,656,848,64.58,2201,1914,4115,96,136,232,5.637910085
48117,"Deaf Smith County, Texas",620,641,1261,232,325,557,44.17,2793,2494,5287,138,206,344,6.50652544
48119,"Delta County, Texas",129,126,255,48,37,85,33.33,1143,1052,2195,41,32,73,3.325740319
48121,"Denton County, Texas",26771,26040,52811,13330,15785,29115,55.13,92070,82175,174245,4422,4131,8553,4.908605699
48123,"DeWitt County, Texas",480,574,1054,208,325,533,50.57,4226,3925,8151,136,268,404,4.956447062
48125,"Dickens County, Texas",28,86,114,15,37,52,45.61,513,498,1011,5,13,18,1.78041543
48127,"Dimmit County, Texas",308,303,611,213,202,415,67.92,1803,1591,3394,116,124,240,7.071302298
48129,"Donley County, Texas",62,113,175,27,81,108,61.71,836,706,1542,15,32,47,3.047989624
48131,"Duval County, Texas",326,409,735,200,256,456,62.04,2017,1872,3889,165,105,270,6.942658781
48133,"Eastland County, Texas",424,453,877,105,364,469,53.48,4110,3549,7659,113,192,305,3.982243113
48135,"Ector County, Texas",5737,6006,11743,2282,2860,5142,43.79,20169,17987,38156,687,1050,1737,4.552363979
48137,"Edwards County, Texas",15,11,26,0,5,5,19.23,480,562,1042,0,102,102,9.788867562
48139,"Ellis County, Texas",4835,4473,9308,1826,2214,4040,43.40,24282,21926,46208,624,890,1514,3.27648892
48141,"El Paso County, Texas",29424,31194,60618,12559,16951,29510,48.68,120698,97313,218011,9885,6589,16474,7.556499443
48143,"Erath County, Texas",1107,1388,2495,246,659,905,36.27,6085,5482,11567,175,228,403,3.484049451
48145,"Falls County, Texas",541,519,1060,264,358,622,58.68,3334,3012,6346,343,346,689,10.8572329
48147,"Fannin County, Texas",836,1127,1963,205,634,839,42.74,6558,6480,13038,339,335,674,5.169504525
48149,"Fayette County, Texas",550,537,1087,247,359,606,55.75,5925,5403,11328,271,448,719,6.34710452
48151,"Fisher County, Texas",110,79,189,28,50,78,41.27,881,806,1687,30,53,83,4.919976289
48153,"Floyd County, Texas",144,198,342,40,137,177,51.75,1152,1047,2199,52,70,122,5.547976353
48155,"Foard County, Texas",20,10,30,0,1,1,3.33,269,268,537,10,5,15,2.793296089
48157,"Fort Bend County, Texas",18556,17734,36290,9221,10731,19952,54.98,91227,83438,174665,5054,4009,9063,5.188789969
48159,"Franklin County, Texas",283,215,498,58,94,152,30.52,2219,2019,4238,63,155,218,5.143935819
48161,"Freestone County, Texas",399,564,963,103,218,321,33.33,3858,3706,7564,129,285,414,5.473294553
48163,"Frio County, Texas",397,1104,1501,175,683,858,57.16,2509,2349,4858,209,176,385,7.925072046
48165,"Gaines County, Texas",734,670,1404,306,172,478,34.05,2285,2199,4484,6,45,51,1.137377342
48167,"Galveston County, Texas",9809,9714,19523,4454,5850,10304,52.78,51710,47161,98871,2495,3359,5854,5.920846355
48169,"Garza County, Texas",145,294,439,69,165,234,53.30,920,1050,1970,45,67,112,5.685279188
48171,"Gillespie County, Texas",438,368,806,177,148,325,40.32,6867,5789,12656,230,211,441,3.484513274
48173,"Glasscock County, Texas",24,35,59,9,28,37,62.71,231,231,462,10,2,12,2.597402597
48175,"Goliad County, Texas",240,127,367,93,60,153,41.69,1680,1557,3237,63,130,193,5.962310782
48177,"Gonzales County, Texas",552,548,1100,256,357,613,55.73,3620,3385,7005,132,167,299,4.268379729
48179,"Gray County, Texas",700,838,1538,150,348,498,32.38,4030,3720,7750,122,252,374,4.825806452
48181,"Grayson County, Texas",3592,3442,7034,1543,1698,3241,46.08,24079,20861,44940,930,995,1925,4.283489097
48183,"Gregg County, Texas",4314,4253,8567,1510,2297,3807,44.44,21456,18022,39478,1036,1181,2217,5.615786007
48185,"Grimes County, Texas",598,1018,1616,202,737,939,58.11,4595,5107,9702,259,448,707,7.287157287
48187,"Guadalupe County, Texas",4022,3972,7994,1508,2140,3648,45.63,22670,20217,42887,1025,947,1972,4.598129969
48189,"Hale County, Texas",1063,1367,2430,254,630,884,36.38,5248,4929,10177,239,318,557,5.473125676
48191,"Hall County, Texas",64,95,159,13,31,44,27.67,716,667,1383,17,7,24,1.735357918
48193,"Hamilton County, Texas",179,183,362,12,51,63,17.40,2143,1770,3913,118,168,286,7.3089701
48195,"Hansford County, Texas",190,117,307,58,44,102,33.22,925,861,1786,24,67,91,5.09518477
48197,"Hardeman County, Texas",166,138,304,67,51,118,38.82,893,800,1693,21,52,73,4.311872416
48199,"Hardin County, Texas",1783,1579,3362,477,630,1107,32.93,10055,8955,19010,234,221,455,2.393477117
48201,"Harris County, Texas",171500,176938,348438,90050,113115,203165,58.31,575270,510992,1086262,47801,49661,97462,8.9722369
48203,"Harrison County, Texas",2032,1990,4022,620,984,1604,39.88,12207,10613,22820,597,680,1277,5.595968449
48205,"Hartley County, Texas",151,327,478,25,128,153,32.01,876,1075,1951,20,125,145,7.43208611
48207,"Haskell County, Texas",188,186,374,66,95,161,43.05,1225,1142,2367,45,41,86,3.633291086
48209,"Hays County, Texas",5664,6343,12007,3106,4483,7589,63.20,22788,20745,43533,1052,1211,2263,5.198355271
48211,"Hemphill County, Texas",127,132,259,58,66,124,47.88,669,587,1256,10,20,30,2.388535032
48213,"Henderson County, Texas",2062,2149,4211,734,1089,1823,43.29,17329,15298,32627,472,605,1077,3.300947068
48215,"Hidalgo County, Texas",27464,26899,54363,11175,13213,24388,44.86,99423,84023,183446,6789,4268,11057,6.027386806
48217,"Hill County, Texas",930,970,1900,457,557,1014,53.37,7240,6636,13876,249,411,660,4.756413952
48219,"Hockley County, Texas",748,798,1546,183,350,533,34.48,3780,3414,7194,96,140,236,3.280511537
48221,"Hood County, Texas",1345,1211,2556,474,515,989,38.69,12502,11262,23764,234,467,701,2.949840094
48223,"Hopkins County, Texas",1079,1061,2140,280,415,695,32.48,6721,6031,12752,110,355,465,3.646486826
48225,"Houston County, Texas",587,678,1265,235,495,730,57.71,4907,4697,9604,303,411,714,7.434402332
48227,"Howard County, Texas",988,1705,2693,389,905,1294,48.05,5401,5877,11278,240,539,779,6.907253059
48229,"Hudspeth County, Texas",100,136,236,86,46,132,55.93,558,584,1142,10,65,75,6.567425569
48231,"Hunt County, Texas",2615,2632,5247,964,1301,2265,43.17,15762,14468,30230,701,736,1437,4.75355607
48233,"Hutchinson County, Texas",731,666,1397,211,380,591,42.30,3906,3877,7783,263,228,491,6.308621354
48235,"Irion County, Texas",40,31,71,0,16,16,22.54,390,322,712,6,3,9,1.264044944
48237,"Jack County, Texas",187,421,608,58,296,354,58.22,1627,1650,3277,32,124,156,4.760451633
48239,"Jackson County, Texas",403,416,819,114,219,333,40.66,2848,2516,5364,175,112,287,5.350484713
48241,"Jasper County, Texas",1033,998,2031,370,400,770,37.91,7241,6326,13567,357,428,785,5.786098622
48243,"Jeff Davis County, Texas",38,7,45,13,0,13,28.89,628,671,1299,28,16,44,3.387220939
48245,"Jefferson County, Texas",8344,10347,18691,4777,6488,11265,60.27,42842,38609,81451,2595,3548,6143,7.541957741
48247,"Jim Hogg County, Texas",84,200,284,79,146,225,79.23,1076,852,1928,32,111,143,7.417012448
48249,"Jim Wells County, Texas",1336,1281,2617,404,798,1202,45.93,6955,6196,13151,451,406,857,6.516614706
48251,"Johnson County, Texas",4642,4823,9465,1590,2433,4023,42.50,25279,23079,48358,729,907,1636,3.383101038
48253,"Jones County, Texas",290,1471,1761,70,1090,1160,65.87,3155,3423,6578,69,367,436,6.628154454
48255,"Karnes County, Texas",326,883,1209,207,585,792,65.51,2408,2483,4891,139,410,549,11.22469843
48257,"Kaufman County, Texas",3408,3082,6490,1044,1640,2684,41.36,16668,15150,31818,871,467,1338,4.205166887
48259,"Kendall County, Texas",698,770,1468,381,309,690,47.00,7828,6786,14614,138,197,335,2.292322431
48261,"Kenedy County, Texas",14,44,58,2,43,45,77.59,90,75,165,13,5,18,10.90909091
48263,"Kent County, Texas",27,41,68,5,15,20,29.41,194,183,377,5,3,8,2.122015915
48265,"Kerr County, Texas",1233,1227,2460,477,739,1216,49.43,12709,10890,23599,569,891,1460,6.186702826
48267,"Kimble County, Texas",83,85,168,18,37,55,32.74,1309,1192,2501,69,100,169,6.757297081
48269,"King County, Texas",11,18,29,9,15,24,82.76,64,63,127,0,0,0,0
48271,"Kinney County, Texas",83,148,231,12,110,122,52.81,735,744,1479,69,52,121,8.181203516
48273,"Kleberg County, Texas",1128,1502,2630,611,1073,1684,64.03,4531,4085,8616,205,337,542,6.290622098
48275,"Knox County, Texas",109,142,251,46,73,119,47.41,774,723,1497,38,51,89,5.945223781
48277,"Lamar County, Texas",1214,1415,2629,384,679,1063,40.43,9926,8479,18405,331,551,882,4.792176039
48279,"Lamb County, Texas",396,368,764,183,179,362,47.38,2458,2203,4661,84,97,181,3.883286848
48281,"Lampasas County, Texas",571,539,1110,193,218,411,37.03,3986,3611,7597,41,138,179,2.356193234
48283,"La Salle County, Texas",194,526,720,64,313,377,52.36,811,1080,1891,46,78,124,6.557377049
48285,"Lavaca County, Texas",525,481,1006,210,182,392,38.97,4534,3923,8457,180,278,458,5.415632021
48287,"Lee County, Texas",327,390,717,145,252,397,55.37,3193,3145,6338,141,223,364,5.743136636
48289,"Leon County, Texas",396,393,789,185,247,432,54.75,3798,3643,7441,215,148,363,4.878376562
48291,"Liberty County, Texas",2677,2470,5147,1234,1297,2531,49.17,12506,11679,24185,432,570,1002,4.143063883
48293,"Limestone County, Texas",623,1011,1634,277,349,626,38.31,4516,4169,8685,215,256,471,5.423143351
48295,"Lipscomb County, Texas",99,152,251,22,95,117,46.61,565,558,1123,18,25,43,3.829029386
48297,"Live Oak County, Texas",205,436,641,101,287,388,60.53,2386,2421,4807,77,144,221,4.597462035
48299,"Llano County, Texas",311,283,594,36,141,177,29.80,5896,5275,11171,76,174,250,2.237937517
48301,"Loving County, Texas",0,9,9,0,9,9,100.00,14,16,30,0,0,0,0
48303,"Lubbock County, Texas",10848,11573,22421,4663,6564,11227,50.07,42483,36160,78643,2352,2183,4535,5.766565365
48305,"Lynn County, Texas",211,133,344,75,64,139,40.41,1056,1020,2076,63,59,122,5.876685934
48307,"McCulloch County, Texas",317,279,596,141,139,280,46.98,1838,1600,3438,62,106,168,4.886561955
48309,"McLennan County, Texas",8067,8039,16106,3754,4849,8603,53.41,39071,33303,72374,2208,2573,4781,6.605963468
48311,"McMullen County, Texas",19,32,51,6,22,28,54.90,137,113,250,0,17,17,6.8
48313,"Madison County, Texas",203,1085,1288,58,718,776,60.25,2131,2017,4148,122,159,281,6.774349084
48315,"Marion County, Texas",272,233,505,124,81,205,40.59,2582,2344,4926,108,190,298,6.04953309
48317,"Martin County, Texas",141,123,264,69,76,145,54.92,792,734,1526,40,0,40,2.621231979
48319,"Mason County, Texas",74,116,190,14,102,116,61.05,1007,1028,2035,40,31,71,3.488943489
48321,"Matagorda County, Texas",1198,1118,2316,502,681,1183,51.08,6775,6294,13069,285,572,857,6.557502487
48323,"Maverick County, Texas",1646,1844,3490,505,1030,1535,43.98,7868,6593,14461,416,226,642,4.439527004
48325,"Medina County, Texas",1242,1713,2955,372,918,1290,43.65,8425,7973,16398,364,431,795,4.848152214
48327,"Menard County, Texas",16,85,101,6,63,69,68.32,484,475,959,15,25,40,4.17101147
48329,"Midland County, Texas",5877,6282,12159,2670,3201,5871,48.29,22571,19639,42210,1060,1186,2246,5.321013978
48331,"Milam County, Texas",574,639,1213,243,473,716,59.03,5029,4551,9580,136,234,370,3.862212944
48333,"Mills County, Texas",80,33,113,22,16,38,33.63,1161,975,2136,37,20,57,2.668539326
48335,"Mitchell County, Texas",180,706,886,40,383,423,47.74,1434,1378,2812,84,48,132,4.694167852
48337,"Montague County, Texas",465,558,1023,108,202,310,30.30,4268,3965,8233,116,116,232,2.817927851
48339,"Montgomery County, Texas",14838,14905,29743,5513,8092,13605,45.74,78289,70900,149189,2364,3102,5466,3.663808994
48341,"Moore County, Texas",711,863,1574,275,474,749,47.59,2914,2753,5667,132,81,213,3.758602435
48343,"Morris County, Texas",302,395,697,66,142,208,29.84,2791,2378,5169,36,200,236,4.565680015
48345,"Motley County, Texas",18,30,48,4,15,19,39.58,229,202,431,9,9,18,4.176334107
48347,"Nacogdoches County, Texas",2107,2069,4176,932,1191,2123,50.84,10131,8772,18903,437,590,1027,5.433000053
48349,"Navarro County, Texas",1419,1319,2738,562,705,1267,46.27,8813,7747,16560,293,478,771,4.655797101
48351,"Newton County, Texas",319,414,733,174,244,418,57.03,2729,2654,5383,70,273,343,6.371911573
48353,"Nolan County, Texas",370,334,704,146,115,261,37.07,2923,2528,5451,89,151,240,4.40286186
48355,"Nueces County, Texas",12571,12942,25513,6353,7868,14221,55.74,58335,51249,109584,3581,4045,7626,6.959045116
48357,"Ochiltree County, Texas",355,358,713,79,194,273,38.29,1394,1368,2762,46,62,108,3.910209993
48359,"Oldham County, Texas",39,62,101,11,34,45,44.55,394,290,684,49,11,60,8.771929825
48361,"Orange County, Texas",2529,2525,5054,654,1367,2021,39.99,15038,13736,28774,497,739,1236,4.295544589
48363,"Palo Pinto County, Texas",746,765,1511,365,403,768,50.83,5712,5129,10841,211,308,519,4.787381238
48365,"Panola County, Texas",641,814,1455,150,381,531,36.49,4626,4197,8823,132,157,289,3.275529865
48367,"Parker County, Texas",3050,3456,6506,660,1767,2427,37.30,21419,20369,41788,557,781,1338,3.201876137
48369,"Parmer County, Texas",306,360,666,86,158,244,36.64,1471,1447,2918,32,42,74,2.53598355
48371,"Pecos County, Texas",452,807,1259,83,516,599,47.58,2189,2567,4756,75,263,338,7.106812447
48373,"Polk County, Texas",1024,1564,2588,419,748,1167,45.09,9462,9394,18856,311,595,906,4.804836657
48375,"Potter County, Texas",4523,5051,9574,1854,2574,4428,46.25,17885,16624,34509,916,1477,2393,6.934422904
48377,"Presidio County, Texas",126,168,294,80,99,179,60.88,1340,1318,2658,58,26,84,3.16027088
48379,"Rains County, Texas",300,252,552,144,168,312,56.52,2557,2374,4931,49,87,136,2.758061245
48381,"Randall County, Texas",4461,4814,9275,1975,2498,4473,48.23,21430,18446,39876,619,774,1393,3.493329321
48383,"Reagan County, Texas",102,124,226,38,41,79,34.96,536,589,1125,31,20,51,4.533333333
48385,"Real County, Texas",22,56,78,0,43,43,55.13,944,875,1819,20,71,91,5.002748763
48387,"Red River County, Texas",272,271,543,74,121,195,35.91,2945,2554,5499,112,234,346,6.292053101
48389,"Reeves County, Texas",324,751,1075,103,418,521,48.47,1910,2000,3910,76,230,306,7.826086957
48391,"Refugio County, Texas",169,147,316,105,67,172,54.43,1541,1460,3001,89,110,199,6.631122959
48393,"Roberts County, Texas",20,21,41,1,6,7,17.07,217,186,403,11,0,11,2.729528536
48395,"Robertson County, Texas",429,391,820,174,251,425,51.83,3296,2979,6275,130,288,418,6.661354582
48397,"Rockwall County, Texas",2247,2115,4362,808,1171,1979,45.37,12868,11335,24203,266,313,579,2.392265422
48399,"Runnels County, Texas",206,155,361,129,84,213,59.00,2206,2041,4247,10,141,151,3.555450907
48401,"Rusk County, Texas",1555,2176,3731,755,1153,1908,51.14,9561,9310,18871,518,554,1072,5.68067405
48403,"Sabine County, Texas",188,190,378,62,100,162,42.86,2696,2621,5317,84,123,207,3.893172842
48405,"San Augustine County, Texas",228,181,409,180,124,304,74.33,2173,1939,4112,140,138,278,6.760700389
48407,"San Jacinto County, Texas",699,572,1271,325,344,669,52.64,5894,5594,11488,252,184,436,3.795264624
48409,"San Patricio County, Texas",2035,2035,4070,730,953,1683,41.35,11001,9966,20967,256,639,895,4.268612582
48411,"San Saba County, Texas",121,319,440,49,184,233,52.95,1284,1131,2415,62,102,164,6.790890269
48413,"Schleicher County, Texas",106,10,116,16,9,25,21.55,557,525,1082,3,13,16,1.478743068
48415,"Scurry County, Texas",472,622,1094,129,243,372,34.00,2846,2707,5553,97,200,297,5.348460292
48417,"Shackelford County, Texas",96,71,167,32,36,68,40.72,712,630,1342,5,31,36,2.682563338
48419,"Shelby County, Texas",619,695,1314,168,301,469,35.69,4706,4206,8912,247,266,513,5.756283662
48421,"Sherman County, Texas",68,39,107,7,12,19,17.76,440,467,907,4,35,39,4.299889746
48423,"Smith County, Texas",7577,7074,14651,3585,3699,7284,49.72,38495,32344,70839,1564,1934,3498,4.937957905
48425,"Somervell County, Texas",161,206,367,20,115,135,36.78,1624,1540,3164,23,83,106,3.350189633
48427,"Starr County, Texas",2032,2159,4191,721,1006,1727,41.21,8279,6848,15127,558,371,929,6.141336683
48429,"Stephens County, Texas",236,316,552,82,154,236,42.75,1878,1734,3612,46,85,131,3.626799557
48431,"Sterling County, Texas",71,30,101,0,5,5,4.95,277,223,500,2,28,30,6
48433,"Stonewall County, Texas",19,36,55,11,9,20,36.36,356,308,664,27,6,33,4.969879518
48435,"Sutton County, Texas",133,38,171,36,20,56,32.75,625,694,1319,20,14,34,2.577710387
48437,"Swisher County, Texas",200,282,482,60,97,157,32.57,1475,1324,2799,41,71,112,4.001429082
48439,"Tarrant County, Texas",70980,68742,139722,33685,39967,73652,52.71,271166,236819,507985,14562,15953,30515,6.007067138
48441,"Taylor County, Texas",5104,5173,10277,1971,2379,4350,42.33,22114,18433,40547,970,691,1661,4.096480627
48443,"Terrell County, Texas",7,21,28,0,17,17,60.71,193,199,392,6,6,12,3.06122449
48445,"Terry County, Texas",308,558,866,113,322,435,50.23,2095,1945,4040,113,133,246,6.089108911
48447,"Throckmorton County, Texas",31,25,56,0,10,10,17.86,377,350,727,13,19,32,4.401650619
48449,"Titus County, Texas",945,927,1872,304,426,730,39.00,4974,4396,9370,149,161,310,3.308431163
48451,"Tom Green County, Texas",4226,4741,8967,1519,2545,4064,45.32,19789,16809,36598,822,965,1787,4.88278048
48453,"Travis County, Texas",53657,56439,110096,33598,41289,74887,68.02,137597,124621,262218,11459,14399,25858,9.861260478
48455,"Trinity County, Texas",278,297,575,42,218,260,45.22,3742,3176,6918,252,192,444,6.418039896
48457,"Tyler County, Texas",454,852,1306,140,423,563,43.11,4551,4139,8690,64,248,312,3.590333717
48459,"Upshur County, Texas",1040,1130,2170,304,520,824,37.97,8058,7086,15144,286,297,583,3.849709456
48461,"Upton County, Texas",154,115,269,40,52,92,34.20,528,477,1005,18,16,34,3.383084577
48463,"Uvalde County, Texas",775,793,1568,308,459,767,48.92,4612,4035,8647,225,346,571,6.603446282
48465,"Val Verde County, Texas",1592,1894,3486,414,898,1312,37.64,7333,6428,13761,460,411,871,6.329481869
48467,"Van Zandt County, Texas",1198,1268,2466,229,723,952,38.61,11191,10170,21361,310,498,808,3.782594448
48469,"Victoria County, Texas",3144,2950,6094,1676,1740,3416,56.06,15833,13770,29603,779,852,1631,5.509576732
48471,"Walker County, Texas",1767,3653,5420,842,2287,3129,57.73,8399,11496,19895,286,1796,2082,10.46494094
48473,"Waller County, Texas",1051,1179,2230,496,613,1109,49.73,6524,6336,12860,439,376,815,6.33748056
48475,"Ward County, Texas",333,335,668,158,159,317,47.46,1909,1686,3595,51,134,185,5.146036161
48477,"Washington County, Texas",844,801,1645,396,381,777,47.23,7194,6248,13442,378,435,813,6.048207112
48479,"Webb County, Texas",8952,8828,17780,4091,4915,9006,50.65,30472,24603,55075,2432,1902,4334,7.869269178
48481,"Wharton County, Texas",1251,1280,2531,664,731,1395,55.12,7622,6651,14273,397,608,1005,7.041266727
48483,"Wheeler County, Texas",165,166,331,6,45,51,15.41,1126,1037,2163,52,60,112,5.177993528
48485,"Wichita County, Texas",4747,5590,10337,1987,3152,5139,49.71,22023,19230,41253,1213,1542,2755,6.678302184
48487,"Wilbarger County, Texas",454,369,823,129,145,274,33.29,2597,2267,4864,163,179,342,7.03125
48489,"Willacy County, Texas",631,1103,1734,298,600,898,51.79,3171,2795,5966,268,175,443,7.42541066
48491,"Williamson County, Texas",15244,14625,29869,6224,8020,14244,47.69,64264,55805,120069,2770,3152,5922,4.932164006
48493,"Wilson County, Texas",1107,1096,2203,325,538,863,39.17,8175,7741,15916,375,218,593,3.725810505
48495,"Winkler County, Texas",228,374,602,66,186,252,41.86,1099,1061,2160,22,47,69,3.194444444
48497,"Wise County, Texas",1832,2043,3875,443,961,1404,36.23,10527,10130,20657,257,547,804,3.892143099
48499,"Wood County, Texas",793,941,1734,267,413,680,39.22,10651,9549,20200,195,347,542,2.683168317
48501,"Yoakum County, Texas",215,224,439,76,132,208,47.38,1105,1070,2175,12,78,90,4.137931034
48503,"Young County, Texas",432,529,961,84,358,442,45.99,4032,3380,7412,115,195,310,4.182406908
48505,"Zapata County, Texas",483,472,955,241,251,492,51.52,1825,1716,3541,77,21,98,2.76757978
48507,"Zavala County, Texas",350,408,758,194,291,485,63.98,1811,1568,3379,38,101,139,4.11364309
49001,"Beaver County, Utah",133,208,341,9,89,98,28.74,1005,949,1954,63,24,87,4.452405322
49003,"Box Elder County, Utah",1614,1513,3127,243,487,730,23.35,7209,6869,14078,195,210,405,2.876829095
49005,"Cache County, Utah",4329,5142,9471,1117,2204,3321,35.06,12243,11177,23420,340,450,790,3.373185312
49007,"Carbon County, Utah",655,646,1301,129,313,442,33.97,3686,3408,7094,77,237,314,4.426275726
49009,"Daggett County, Utah",2,25,27,0,11,11,40.74,157,222,379,2,15,17,4.485488127
49011,"Davis County, Utah",11306,11025,22331,2704,4062,6766,30.30,38337,35190,73527,1214,1190,2404,3.269547241
49013,"Duchesne County, Utah",707,683,1390,85,172,257,18.49,2521,2564,5085,61,96,157,3.087512291
49015,"Emery County, Utah",333,296,629,73,107,180,28.62,1771,1766,3537,44,53,97,2.742437094
49017,"Garfield County, Utah",114,123,237,5,23,28,11.81,1037,992,2029,18,40,58,2.85855101
49019,"Grand County, Utah",347,466,813,209,283,492,60.52,1736,1743,3479,84,188,272,7.818338603
49021,"Iron County, Utah",1482,1723,3205,432,988,1420,44.31,5989,5780,11769,216,310,526,4.46936868
49023,"Juab County, Utah",295,261,556,57,74,131,23.56,1375,1309,2684,41,42,83,3.092399404
49025,"Kane County, Utah",240,156,396,94,39,133,33.59,1601,1501,3102,82,108,190,6.125080593
49027,"Millard County, Utah",291,367,658,88,75,163,24.77,2160,2140,4300,17,40,57,1.325581395
49029,"Morgan County, Utah",236,206,442,32,30,62,14.03,1403,1423,2826,51,12,63,2.229299363
49031,"Piute County, Utah",34,21,55,17,10,27,49.09,384,373,757,13,5,18,2.377807133
49033,"Rich County, Utah",62,70,132,10,11,21,15.91,396,429,825,21,15,36,4.363636364
49035,"Salt Lake County, Utah",44266,45896,90162,18164,24453,42617,47.27,137942,125211,263153,7866,9150,17016,6.466200271
49037,"San Juan County, Utah",403,417,820,185,246,431,52.56,2226,1940,4166,163,223,386,9.265482477
49039,"Sanpete County, Utah",686,889,1575,135,533,668,42.41,3839,3761,7600,119,173,292,3.842105263
49041,"Sevier County, Utah",618,514,1132,110,216,326,28.80,3419,3178,6597,68,96,164,2.485978475
49043,"Summit County, Utah",1064,1182,2246,560,806,1366,60.82,5776,6075,11851,183,416,599,5.054425787
49045,"Tooele County, Utah",1918,1658,3576,620,692,1312,36.69,6662,6695,13357,187,410,597,4.469566519
49047,"Uintah County, Utah",1346,1304,2650,380,432,812,30.64,4311,4114,8425,197,196,393,4.664688427
49049,"Utah County, Utah",20535,21790,42325,4561,7694,12255,28.95,48766,44013,92779,1871,1314,3185,3.432888908
49051,"Wasatch County, Utah",711,727,1438,172,402,574,39.92,3140,3215,6355,120,227,347,5.460267506
49053,"Washington County, Utah",4480,4483,8963,1009,1683,2692,30.03,25976,23072,49048,903,734,1637,3.337546893
49055,"Wayne County, Utah",67,58,125,14,28,42,33.60,523,517,1040,17,37,54,5.192307692
49057,"Weber County, Utah",9222,9585,18807,2790,4622,7412,39.41,32787,30049,62836,1128,1618,2746,4.370106308
50001,"Addison County, Vermont",779,909,1688,423,632,1055,62.50,7446,6948,14394,433,559,992,6.891760456
50003,"Bennington County, Vermont",814,871,1685,403,527,930,55.19,8533,7615,16148,419,547,966,5.982164974
50005,"Caledonia County, Vermont",792,806,1598,414,550,964,60.33,6608,5888,12496,384,515,899,7.194302177
50007,"Chittenden County, Vermont",5497,5595,11092,3663,4360,8023,72.33,27614,23860,51474,2381,1900,4281,8.316820142
50009,"Essex County, Vermont",137,122,259,80,74,154,59.46,1464,1500,2964,80,156,236,7.962213225
50011,"Franklin County, Vermont",1393,1329,2722,776,826,1602,58.85,8770,8137,16907,470,672,1142,6.754598687
50013,"Grand Isle County, Vermont",156,156,312,87,104,191,61.22,1544,1541,3085,84,76,160,5.186385737
50015,"Lamoille County, Vermont",662,722,1384,504,507,1011,73.05,4672,4339,9011,248,481,729,8.090112085
50017,"Orange County, Vermont",705,731,1436,314,488,802,55.85,6291,5812,12103,364,385,749,6.188548294
50019,"Orleans County, Vermont",637,767,1404,370,544,914,65.10,5950,5633,11583,544,613,1157,9.988776655
50021,"Rutland County, Vermont",1564,1605,3169,759,1139,1898,59.89,13777,12301,26078,975,1191,2166,8.305851676
50023,"Washington County, Vermont",1597,1537,3134,939,1006,1945,62.06,12402,11069,23471,872,1019,1891,8.056750884
50025,"Windham County, Vermont",1201,1193,2394,546,837,1383,57.77,10075,9100,19175,630,815,1445,7.535853977
50027,"Windsor County, Vermont",1636,1552,3188,963,1190,2153,67.53,13246,11894,25140,924,948,1872,7.446300716
51001,"Accomack County, Virginia",953,857,1810,533,513,1046,57.79,7714,6671,14385,530,623,1153,8.015293709
51003,"Albemarle County, Virginia",3532,3488,7020,2021,2329,4350,61.97,19880,16324,36204,1231,1251,2482,6.855596067
51005,"Alleghany County, Virginia",376,361,737,151,189,340,46.13,3862,3483,7345,194,208,402,5.47311096
51007,"Amelia County, Virginia",200,448,648,75,299,374,57.72,2715,2389,5104,163,84,247,4.839341693
51009,"Amherst County, Virginia",756,838,1594,440,604,1044,65.50,6990,5982,12972,447,574,1021,7.870798643
51011,"Appomattox County, Virginia",491,471,962,187,238,425,44.18,3314,2839,6153,217,148,365,5.932065659
51013,"Arlington County, Virginia",17454,16714,34168,13134,12907,26041,76.21,28262,25999,54261,4368,4745,9113,16.79475129
51015,"Augusta County, Virginia",1796,2139,3935,688,1368,2056,52.25,15392,14528,29920,686,969,1655,5.531417112
51017,"Bath County, Virginia",131,107,238,0,39,39,16.39,1196,1104,2300,75,109,184,8
51019,"Bedford County, Virginia",1645,1688,3333,678,1067,1745,52.36,16540,15526,32066,607,741,1348,4.203829601
51021,"Bland County, Virginia",166,235,401,41,103,144,35.91,1385,1419,2804,29,134,163,5.813124108
51023,"Botetourt County, Virginia",578,753,1331,239,514,753,56.57,7559,6899,14458,276,176,452,3.12629686
51025,"Brunswick County, Virginia",423,694,1117,243,545,788,70.55,3571,3142,6713,271,445,716,10.66587219
51027,"Buchanan County, Virginia",620,753,1373,303,533,836,60.89,5287,4747,10034,206,458,664,6.617500498
51029,"Buckingham County, Virginia",442,737,1179,197,450,647,54.88,3170,3241,6411,318,469,787,12.27577601
51031,"Campbell County, Virginia",1463,1772,3235,597,857,1454,44.95,11462,9825,21287,496,672,1168,5.486916898
51033,"Caroline County, Virginia",946,849,1795,421,468,889,49.53,5399,4749,10148,364,283,647,6.37564052
51035,"Carroll County, Virginia",641,717,1358,226,351,577,42.49,6950,6223,13173,221,501,722,5.480907918
51036,"Charles City County, Virginia",182,182,364,134,146,280,76.92,1717,1589,3306,160,129,289,8.741681791
51037,"Charlotte County, Virginia",286,332,618,86,239,325,52.59,2743,2437,5180,77,267,344,6.640926641
51041,"Chesterfield County, Virginia",9315,9054,18369,4990,5892,10882,59.24,56741,48143,104884,3102,2683,5785,5.515617253
51043,"Clarke County, Virginia",261,323,584,122,219,341,58.39,3146,2802,5948,243,155,398,6.691324815
51045,"Craig County, Virginia",126,77,203,20,21,41,20.20,1171,1063,2234,94,86,180,8.057296329
51047,"Culpeper County, Virginia",1412,1370,2782,634,608,1242,44.64,8207,7644,15851,413,477,890,5.614787711
51049,"Cumberland County, Virginia",253,238,491,145,156,301,61.30,2087,1830,3917,148,225,373,9.522593822
51051,"Dickenson County, Virginia",379,463,842,84,274,358,42.52,3273,3083,6356,150,178,328,5.160478288
51053,"Dinwiddie County, Virginia",762,813,1575,293,498,791,50.22,5521,4963,10484,540,691,1231,11.74170164
51057,"Essex County, Virginia",280,209,489,177,172,349,71.37,2454,2144,4598,243,148,391,8.50369726
51059,"Fairfax County, Virginia",39041,40050,79091,20886,28772,49658,62.79,180365,163146,343511,13699,11247,24946,7.262067299
51061,"Fauquier County, Virginia",1503,1769,3272,722,1019,1741,53.21,12643,11705,24348,689,817,1506,6.185312962
51063,"Floyd County, Virginia",373,348,721,157,195,352,48.82,3376,3124,6500,116,120,236,3.630769231
51065,"Fluvanna County, Virginia",963,525,1488,482,259,741,49.80,5255,4475,9730,357,247,604,6.207605344
51067,"Franklin County, Virginia",1421,1405,2826,496,751,1247,44.13,12398,11585,23983,520,687,1207,5.032731518
51069,"Frederick County, Virginia",2420,2492,4912,1020,1616,2636,53.66,14290,13060,27350,325,612,937,3.425959781
51071,"Giles County, Virginia",402,439,841,191,210,401,47.68,3648,3241,6889,94,224,318,4.61605458
51073,"Gloucester County, Virginia",962,1049,2011,597,544,1141,56.74,7649,7053,14702,158,349,507,3.448510407
51075,"Goochland County, Virginia",369,480,849,228,325,553,65.14,4919,4615,9534,301,151,452,4.740927208
51077,"Grayson County, Virginia",362,345,707,102,205,307,43.42,3709,3319,7028,117,227,344,4.894706887
51079,"Greene County, Virginia",648,606,1254,236,439,675,53.83,3434,3048,6482,211,140,351,5.414995372
51081,"Greensville County, Virginia",177,583,760,122,452,574,75.53,1961,2179,4140,107,360,467,11.28019324
51083,"Halifax County, Virginia",893,852,1745,542,611,1153,66.07,8564,6957,15521,492,686,1178,7.589717157
51085,"Hanover County, Virginia",2119,2317,4436,878,1172,2050,46.21,19702,17395,37097,730,812,1542,4.156670351
51087,"Henrico County, Virginia",11947,10754,22701,6923,7350,14273,62.87,58214,44398,102612,5307,3650,8957,8.728998558
51089,"Henry County, Virginia",1313,1253,2566,507,722,1229,47.90,12419,10461,22880,669,718,1387,6.062062937
51091,"Highland County, Virginia",26,11,37,19,11,30,81.08,733,696,1429,58,60,118,8.257522743
51093,"Isle of Wight County, Virginia",837,825,1662,354,411,765,46.03,7625,6907,14532,240,347,587,4.039361409
51095,"James City County, Virginia",1960,1855,3815,862,1269,2131,55.86,16033,14062,30095,569,716,1285,4.269812261
51097,"King and Queen County, Virginia",204,264,468,55,56,111,23.72,1647,1453,3100,89,132,221,7.129032258
51099,"King George County, Virginia",634,655,1289,242,452,694,53.84,3742,3682,7424,185,367,552,7.435344828
51101,"King William County, Virginia",486,570,1056,153,213,366,34.66,2897,2619,5516,236,151,387,7.01595359
51103,"Lancaster County, Virginia",227,278,505,133,218,351,69.50,3581,2938,6519,161,210,371,5.691056911
51105,"Lee County, Virginia",609,843,1452,221,489,710,48.90,5197,4923,10120,314,246,560,5.533596838
51107,"Loudoun County, Virginia",9779,9220,18999,4370,5776,10146,53.40,41259,38213,79472,2553,1725,4278,5.383027985
51109,"Louisa County, Virginia",946,806,1752,509,431,940,53.65,6980,6596,13576,486,489,975,7.181791397
51111,"Lunenburg County, Virginia",285,366,651,100,205,305,46.85,2755,2488,5243,200,268,468,8.926187297
51113,"Madison County, Virginia",295,402,697,123,256,379,54.38,2956,2696,5652,206,222,428,7.572540694
51115,"Mathews County, Virginia",253,239,492,179,225,404,82.11,2472,2148,4620,42,27,69,1.493506494
51117,"Mecklenburg County, Virginia",707,803,1510,350,599,949,62.85,7919,6605,14524,574,560,1134,7.807766456
51119,"Middlesex County, Virginia",215,259,474,113,160,273,57.59,3014,2696,5710,176,230,406,7.11033275
51121,"Montgomery County, Virginia",3257,4149,7406,1566,2556,4122,55.66,12742,11004,23746,576,765,1341,5.647266908
51125,"Nelson County, Virginia",358,451,809,45,235,280,34.61,3711,3271,6982,297,245,542,7.762818677
51127,"New Kent County, Virginia",441,463,904,140,179,319,35.29,3712,3623,7335,124,155,279,3.803680982
51131,"Northampton County, Virginia",306,391,697,166,328,494,70.88,3227,2621,5848,293,312,605,10.34541724
51133,"Northumberland County, Virginia",225,261,486,209,178,387,79.63,3676,3590,7266,207,318,525,7.225433526
51135,"Nottoway County, Virginia",449,501,950,286,325,611,64.32,3146,2832,5978,178,437,615,10.28772165
51137,"Orange County, Virginia",878,901,1779,457,550,1007,56.60,7286,6308,13594,248,465,713,5.244961012
51139,"Page County, Virginia",606,671,1277,212,448,660,51.68,5075,4673,9748,160,373,533,5.467788264
51141,"Patrick County, Virginia",348,344,692,141,237,378,54.62,4525,3967,8492,100,223,323,3.80357984
51143,"Pittsylvania County, Virginia",1508,1574,3082,738,1046,1784,57.88,14094,12566,26660,679,803,1482,5.558889722
51145,"Powhatan County, Virginia",633,782,1415,354,570,924,65.30,5172,5282,10454,233,330,563,5.385498374
51147,"Prince Edward County, Virginia",600,575,1175,457,349,806,68.60,3958,3313,7271,234,310,544,7.481776922
51149,"Prince George County, Virginia",950,1559,2509,480,1021,1501,59.82,5536,5779,11315,196,618,814,7.193990278
51153,"Prince William County, Virginia",14809,14918,29727,7218,9626,16844,56.66,55007,50177,105184,3524,3129,6653,6.32510648
51155,"Pulaski County, Virginia",870,1006,1876,329,522,851,45.36,7820,6922,14742,269,345,614,4.164970832
51157,"Rappahannock County, Virginia",155,186,341,81,111,192,56.30,1791,1786,3577,97,168,265,7.408442829
51159,"Richmond County, Virginia",83,312,395,77,241,318,80.51,1898,1708,3606,102,247,349,9.678313921
51161,"Roanoke County, Virginia",2296,2384,4680,1004,1432,2436,52.05,20771,17029,37800,957,880,1837,4.85978836
51163,"Rockbridge County, Virginia",576,541,1117,157,298,455,40.73,5429,5056,10485,164,419,583,5.560324273
51165,"Rockingham County, Virginia",2002,2008,4010,713,1086,1799,44.86,15412,13786,29198,624,970,1594,5.459278033
51167,"Russell County, Virginia",735,777,1512,162,359,521,34.46,6197,5558,11755,275,502,777,6.609953211
51169,"Scott County, Virginia",549,635,1184,193,233,426,35.98,5074,4712,9786,211,274,485,4.956059677
51171,"Shenandoah County, Virginia",1245,1067,2312,484,644,1128,48.79,9238,8076,17314,539,591,1130,6.526510338
51173,"Smyth County, Virginia",783,804,1587,235,424,659,41.52,7065,6111,13176,286,340,626,4.751062538
51175,"Southampton County, Virginia",433,486,919,208,356,564,61.37,3640,4039,7679,176,450,626,8.152103138
51177,"Spotsylvania County, Virginia",3885,3703,7588,1676,2164,3840,50.61,20212,17970,38182,919,853,1772,4.640930281
51179,"Stafford County, Virginia",4069,4759,8828,1883,2610,4493,50.89,18350,17214,35564,843,893,1736,4.881340682
51181,"Surry County, Virginia",118,194,312,96,145,241,77.24,1561,1372,2933,121,102,223,7.60313672
51183,"Sussex County, Virginia",160,1051,1211,83,929,1012,83.57,1621,2259,3880,237,402,639,16.46907216
51185,"Tazewell County, Virginia",1118,1283,2401,324,764,1088,45.31,9787,8448,18235,456,501,957,5.248149164
51187,"Warren County, Virginia",1055,999,2054,444,479,923,44.94,7021,6434,13455,335,461,796,5.916016351
51191,"Washington County, Virginia",1280,1461,2741,410,863,1273,46.44,12129,10770,22899,438,484,922,4.026376698
51193,"Westmoreland County, Virginia",590,445,1035,290,282,572,55.27,4312,3754,8066,428,568,996,12.34812794
51195,"Wise County, Virginia",1142,1615,2757,416,933,1349,48.93,7659,6916,14575,337,396,733,5.02915952
51197,"Wythe County, Virginia",781,751,1532,294,349,643,41.97,6390,5531,11921,268,277,545,4.571764114
51199,"York County, Virginia",1663,1895,3558,603,991,1594,44.80,11852,10719,22571,528,406,934,4.138053254
51510,"Alexandria city, Virginia",9235,7985,17220,5787,5572,11359,65.96,21595,17955,39550,4114,3158,7272,18.38685209
51520,"Bristol city, Virginia",588,618,1206,278,341,619,51.33,3948,2941,6889,235,166,401,5.820873857
51530,"Buena Vista city, Virginia",175,198,373,49,132,181,48.53,1319,1086,2405,88,116,204,8.482328482
51540,"Charlottesville city, Virginia",2582,2587,5169,1975,2087,4062,78.58,5840,4758,10598,867,778,1645,15.52179657
51550,"Chesapeake city, Virginia",7562,7893,15455,3417,4647,8064,52.18,38432,32521,70953,2005,2079,4084,5.755922935
51570,"Colonial Heights city, Virginia",518,539,1057,193,321,514,48.63,3995,2838,6833,397,169,566,8.283330894
51580,"Covington city, Virginia",88,142,230,25,79,104,45.22,1191,1122,2313,71,165,236,10.20319931
51590,"Danville city, Virginia",1370,1246,2616,770,873,1643,62.81,9966,7251,17217,789,824,1613,9.368647267
51595,"Emporia city, Virginia",178,138,316,109,116,225,71.20,1300,926,2226,203,109,312,14.01617251
51600,"Fairfax city, Virginia",861,946,1807,420,693,1113,61.59,4376,3663,8039,319,351,670,8.334369947
51610,"Falls Church city, Virginia",430,408,838,332,329,661,78.88,2353,1887,4240,385,234,619,14.5990566
51620,"Franklin city, Virginia",260,114,374,219,69,288,77.01,1836,1254,3090,248,114,362,11.71521036
51630,"Fredericksburg city, Virginia",1407,1386,2793,759,987,1746,62.51,3565,2846,6411,332,355,687,10.71595695
51640,"Galax city, Virginia",273,213,486,172,167,339,69.75,1568,1270,2838,175,163,338,11.90979563
51650,"Hampton city, Virginia",5484,5514,10998,2669,3707,6376,57.97,24569,20279,44848,1980,2187,4167,9.291384231
51660,"Harrisonburg city, Virginia",1908,2183,4091,1145,1473,2618,63.99,5411,4057,9468,486,542,1028,10.85762569
51670,"Hopewell city, Virginia",871,693,1564,539,440,979,62.60,4290,3257,7547,511,377,888,11.76626474
51678,"Lexington city, Virginia",79,100,179,40,72,112,62.57,936,533,1469,138,90,228,15.52076242
51680,"Lynchburg city, Virginia",2905,2872,5777,1500,1709,3209,55.55,13004,9802,22806,1202,1231,2433,10.6682452
51683,"Manassas city, Virginia",1549,1597,3146,598,834,1432,45.52,5247,4694,9941,304,264,568,5.713710894
51685,"Manassas Park city, Virginia",726,655,1381,325,332,657,47.57,1727,1441,3168,131,99,230,7.26010101
51690,"Martinsville city, Virginia",363,327,690,202,233,435,63.04,3302,2346,5648,338,264,602,10.65864023
51700,"Newport News city, Virginia",8184,8114,16298,4276,4807,9083,55.73,28714,23004,51718,2266,2140,4406,8.519277621
51710,"Norfolk city, Virginia",11234,14292,25526,6579,9181,15760,61.74,34225,27948,62173,3970,4755,8725,14.03342287
51720,"Norton city, Virginia",129,71,200,113,66,179,89.50,765,554,1319,41,36,77,5.837755876
51730,"Petersburg city, Virginia",1342,1262,2604,1070,987,2057,78.99,6836,5000,11836,1390,1130,2520,21.29097668
51735,"Poquoson city, Virginia",199,234,433,138,154,292,67.44,2505,2270,4775,23,45,68,1.42408377
51740,"Portsmouth city, Virginia",4054,3966,8020,2299,2673,4972,62.00,17426,13752,31178,1547,1563,3110,9.974982359
51750,"Radford city, Virginia",523,537,1060,339,395,734,69.25,1791,1418,3209,138,185,323,10.06544095
51760,"Richmond city, Virginia",12026,11503,23529,9312,9298,18610,79.09,34539,27387,61926,5814,6250,12064,19.48131641
51770,"Roanoke city, Virginia",3966,3804,7770,2393,2435,4828,62.14,19036,14981,34017,2048,2213,4261,12.5260899
51775,"Salem city, Virginia",630,686,1316,293,449,742,56.38,5284,4266,9550,306,440,746,7.811518325
51790,"Staunton city, Virginia",893,729,1622,505,568,1073,66.15,5480,4118,9598,292,344,636,6.626380496
51800,"Suffolk city, Virginia",2567,2455,5022,1348,1509,2857,56.89,14620,12682,27302,1301,889,2190,8.021390374
51810,"Virginia Beach city, Virginia",18740,19968,38708,8779,11985,20764,53.64,72528,60019,132547,3391,3700,7091,5.349800448
51820,"Waynesboro city, Virginia",709,614,1323,416,255,671,50.72,4287,3266,7553,193,461,654,8.658811068
51830,"Williamsburg city, Virginia",455,524,979,324,439,763,77.94,2191,1729,3920,206,123,329,8.392857143
51840,"Winchester city, Virginia",1078,1085,2163,607,812,1419,65.60,4748,4010,8758,293,417,710,8.106873715
53001,"Adams County, Washington",585,625,1210,229,170,399,32.98,2433,2255,4688,98,164,262,5.588737201
53003,"Asotin County, Washington",656,562,1218,257,247,504,41.38,4926,4378,9304,107,213,320,3.439380911
53005,"Benton County, Washington",5944,6149,12093,2679,3693,6372,52.69,30164,28155,58319,813,1506,2319,3.976405631
53007,"Chelan County, Washington",2225,2261,4486,1067,1534,2601,57.98,14316,13172,27488,565,912,1477,5.373253783
53009,"Clallam County, Washington",1712,2035,3747,1011,1210,2221,59.27,18980,16733,35713,1083,1105,2188,6.126620558
53011,"Clark County, Washington",13485,13509,26994,6439,7911,14350,53.16,74617,67235,141852,3179,4189,7368,5.194146011
53013,"Columbia County, Washington",94,53,147,30,33,63,42.86,1024,950,1974,41,102,143,7.244174265
53015,"Cowlitz County, Washington",2771,2938,5709,1166,1659,2825,49.48,20376,18857,39233,778,1217,1995,5.08500497
53017,"Douglas County, Washington",1090,1224,2314,515,674,1189,51.38,6932,6655,13587,173,230,403,2.966070509
53019,"Ferry County, Washington",172,206,378,61,103,164,43.39,1772,1868,3640,85,200,285,7.82967033
53021,"Franklin County, Washington",3254,3579,6833,1054,1953,3007,44.01,8942,9157,18099,526,926,1452,8.022542682
53023,"Garfield County, Washington",46,40,86,9,20,29,33.72,580,554,1134,2,20,22,1.940035273
53025,"Grant County, Washington",2809,3197,6006,863,1728,2591,43.14,13405,12944,26349,440,625,1065,4.041899123
53027,"Grays Harbor County, Washington",1914,2419,4333,810,1575,2385,55.04,14873,14264,29137,660,1259,1919,6.586127604
53029,"Island County, Washington",2337,3006,5343,919,1461,2380,44.54,17906,15844,33750,693,627,1320,3.911111111
53031,"Jefferson County, Washington",508,732,1240,235,495,730,58.87,9094,8228,17322,543,588,1131,6.529269138
53033,"King County, Washington",82177,85657,167834,47493,60004,107497,64.05,328033,294109,622142,28063,34654,62717,10.08081756
53035,"Kitsap County, Washington",7866,9818,17684,3108,5673,8781,49.66,48449,43981,92430,2021,3339,5360,5.798983014
53037,"Kittitas County, Washington",1350,1536,2886,638,1064,1702,58.97,6800,6474,13274,222,532,754,5.680277234
53039,"Klickitat County, Washington",529,472,1001,378,351,729,72.83,4662,4413,9075,185,264,449,4.947658402
53041,"Lewis County, Washington",2113,2127,4240,781,1223,2004,47.26,15695,14702,30397,493,1040,1533,5.043260848
53043,"Lincoln County, Washington",206,198,404,72,107,179,44.31,2498,2428,4926,61,150,211,4.283394235
53045,"Mason County, Washington",1512,1839,3351,549,1162,1711,51.06,13515,13016,26531,597,1197,1794,6.761901172
53047,"Okanogan County, Washington",1011,1081,2092,460,426,886,42.35,8710,8529,17239,512,830,1342,7.784674285
53049,"Pacific County, Washington",407,413,820,91,245,336,40.98,5537,5236,10773,257,397,654,6.070732387
53051,"Pend Oreille County, Washington",280,423,703,128,268,396,56.33,3072,3160,6232,64,170,234,3.754813864
53053,"Pierce County, Washington",30080,31000,61080,13715,17644,31359,51.34,133605,119052,252657,7766,10136,17902,7.085495355
53055,"San Juan County, Washington",310,296,606,140,212,352,58.09,4700,4249,8949,254,353,607,6.782880769
53057,"Skagit County, Washington",3431,3731,7162,1533,2307,3840,53.62,24091,21767,45858,1011,1269,2280,4.971869685
53059,"Skamania County, Washington",230,249,479,91,180,271,56.58,2358,2420,4778,137,242,379,7.932189201
53061,"Snohomish County, Washington",24721,26424,51145,11375,17626,29001,56.70,122079,111049,233128,6495,8375,14870,6.378470197
53063,"Spokane County, Washington",17014,17986,35000,7523,10240,17763,50.75,85988,75980,161968,4991,5695,10686,6.597599526
53065,"Stevens County, Washington",854,866,1720,348,462,810,47.09,9815,9664,19479,318,486,804,4.127521947
53067,"Thurston County, Washington",8894,9108,18002,4085,5095,9180,50.99,48915,41611,90526,2979,3177,6156,6.80025628
53069,"Wahkiakum County, Washington",21,133,154,11,126,137,88.96,1088,1010,2098,27,40,67,3.193517636
53071,"Walla Walla County, Washington",1559,2129,3688,670,1252,1922,52.11,10876,9854,20730,469,663,1132,5.460684998
53073,"Whatcom County, Washington",6406,6958,13364,3352,4549,7901,59.12,36486,33097,69583,2179,2658,4837,6.951410546
53075,"Whitman County, Washington",1617,1881,3498,804,1208,2012,57.52,5444,5024,10468,232,396,628,5.999235766
53077,"Yakima County, Washington",8114,8194,16308,3683,5099,8782,53.85,37086,33799,70885,2091,2920,5011,7.069196586
54001,"Barbour County, West Virginia",431,398,829,142,173,315,38.00,3459,3117,6576,166,232,398,6.052311436
54003,"Berkeley County, West Virginia",3628,3264,6892,1508,1617,3125,45.34,17886,16934,34820,779,1155,1934,5.55427915
54005,"Boone County, West Virginia",617,594,1211,177,273,450,37.16,4890,4455,9345,298,242,540,5.778491172
54007,"Braxton County, West Virginia",350,405,755,180,211,391,51.79,3116,3009,6125,138,247,385,6.285714286
54009,"Brooke County, West Virginia",490,572,1062,301,406,707,66.57,5726,4792,10518,231,353,584,5.552386385
54011,"Cabell County, West Virginia",3090,3309,6399,1430,2120,3550,55.48,19123,15817,34940,1050,1538,2588,7.4069834
54013,"Calhoun County, West Virginia",71,206,277,16,143,159,57.40,1656,1676,3332,81,126,207,6.212484994
54015,"Clay County, West Virginia",214,199,413,15,117,132,31.96,1824,1821,3645,61,156,217,5.953360768
54017,"Doddridge County, West Virginia",192,176,368,95,110,205,55.71,1631,1672,3303,85,98,183,5.540417802
54019,"Fayette County, West Virginia",1176,1363,2539,416,830,1246,49.07,9808,8727,18535,682,703,1385,7.472349609
54021,"Gilmer County, West Virginia",182,478,660,87,398,485,73.48,1386,1430,2816,54,203,257,9.126420455
54023,"Grant County, West Virginia",275,350,625,138,287,425,68.00,2583,2482,5065,183,295,478,9.437314906
54025,"Greenbrier County, West Virginia",952,991,1943,484,566,1050,54.04,8202,7208,15410,464,569,1033,6.703439325
54027,"Hampshire County, West Virginia",521,695,1216,242,313,555,45.64,4853,4859,9712,658,1827,2485,25.5869028
54029,"Hancock County, West Virginia",736,715,1451,385,383,768,52.93,7213,6024,13237,304,359,663,5.008687769
54031,"Hardy County, West Virginia",369,365,734,183,309,492,67.03,2923,2695,5618,130,188,318,5.660377358
54033,"Harrison County, West Virginia",2067,1953,4020,898,1141,2039,50.72,14680,12401,27081,769,951,1720,6.351316421
54035,"Jackson County, West Virginia",747,737,1484,206,486,692,46.63,6140,5470,11610,216,398,614,5.288544358
54037,"Jefferson County, West Virginia",1522,1376,2898,718,799,1517,52.35,9479,8992,18471,570,682,1252,6.778192843
54039,"Kanawha County, West Virginia",5850,5634,11484,2765,3312,6077,52.92,42293,35020,77313,2776,3312,6088,7.874484239
54041,"Lewis County, West Virginia",433,418,851,252,228,480,56.40,3501,3188,6689,252,243,495,7.400209299
54043,"Lincoln County, West Virginia",552,555,1107,223,231,454,41.01,4275,3998,8273,292,384,676,8.171159193
54045,"Logan County, West Virginia",908,989,1897,290,410,700,36.90,7696,6716,14412,466,390,856,5.939494865
54047,"McDowell County, West Virginia",526,641,1167,120,398,518,44.39,4712,4132,8844,405,495,900,10.17639077
54049,"Marion County, West Virginia",1597,1588,3185,794,1128,1922,60.35,11643,10155,21798,491,910,1401,6.427195156
54051,"Marshall County, West Virginia",793,858,1651,358,500,858,51.97,7445,6456,13901,281,413,694,4.992446587
54053,"Mason County, West Virginia",768,681,1449,293,395,688,47.48,5886,5256,11142,320,351,671,6.022258122
54055,"Mercer County, West Virginia",1818,1721,3539,840,926,1766,49.90,13873,11391,25264,512,622,1134,4.48860038
54057,"Mineral County, West Virginia",732,689,1421,374,543,917,64.53,5964,5225,11189,820,1114,1934,17.28483332
54059,"Mingo County, West Virginia",763,720,1483,206,289,495,33.38,5260,4754,10014,220,262,482,4.813261434
54061,"Monongalia County, West Virginia",4115,5039,9154,2659,3834,6493,70.93,13982,12690,26672,1225,1191,2416,9.058188362
54063,"Monroe County, West Virginia",306,309,615,84,162,246,40.00,3144,2871,6015,88,208,296,4.921030756
54065,"Morgan County, West Virginia",463,380,843,285,229,514,60.97,3929,3707,7636,448,851,1299,17.01152436
54067,"Nicholas County, West Virginia",634,675,1309,213,380,593,45.30,5733,5110,10843,325,233,558,5.146177257
54069,"Ohio County, West Virginia",1144,1201,2345,620,798,1418,60.47,10105,8204,18309,863,880,1743,9.519908242
54071,"Pendleton County, West Virginia",181,163,344,22,108,130,37.79,1848,1716,3564,65,129,194,5.44332211
54073,"Pleasants County, West Virginia",149,240,389,76,187,263,67.61,1511,1483,2994,25,78,103,3.440213761
54075,"Pocahontas County, West Virginia",189,245,434,45,169,214,49.31,2056,2038,4094,41,121,162,3.957010259
54077,"Preston County, West Virginia",937,1321,2258,545,866,1411,62.49,6699,6493,13192,243,526,769,5.829290479
54079,"Putnam County, West Virginia",1543,1452,2995,635,838,1473,49.18,11023,10123,21146,351,342,693,3.277215549
54081,"Raleigh County, West Virginia",2156,2606,4762,761,1538,2299,48.28,16384,14375,30759,743,1241,1984,6.450144673
54083,"Randolph County, West Virginia",699,1072,1771,367,742,1109,62.62,6174,5753,11927,348,521,869,7.285989771
54085,"Ritchie County, West Virginia",238,222,460,67,106,173,37.61,2235,2142,4377,132,162,294,6.716929404
54087,"Roane County, West Virginia",356,345,701,179,238,417,59.49,3206,3012,6218,65,281,346,5.56449019
54089,"Summers County, West Virginia",462,265,727,219,101,320,44.02,3235,2890,6125,115,272,387,6.318367347
54091,"Taylor County, West Virginia",437,516,953,119,265,384,40.29,3511,3182,6693,234,175,409,6.110862095
54093,"Tucker County, West Virginia",174,155,329,72,88,160,48.63,1636,1552,3188,49,120,169,5.301129235
54095,"Tyler County, West Virginia",187,196,383,49,120,169,44.13,2058,1909,3967,82,174,256,6.453239224
54097,"Upshur County, West Virginia",649,636,1285,391,484,875,68.09,4860,4558,9418,166,289,455,4.831174347
54099,"Wayne County, West Virginia",1135,1023,2158,488,620,1108,51.34,8808,7635,16443,366,396,762,4.634190841
54101,"Webster County, West Virginia",210,201,411,113,113,226,54.99,2031,1950,3981,85,76,161,4.044209997
54103,"Wetzel County, West Virginia",372,391,763,200,258,458,60.03,3750,3322,7072,147,279,426,6.023755656
54105,"Wirt County, West Virginia",152,143,295,64,54,118,40.00,1195,1240,2435,35,88,123,5.051334702
54107,"Wood County, West Virginia",2530,2312,4842,1021,1139,2160,44.61,18636,15709,34345,1153,897,2050,5.968845538
54109,"Wyoming County, West Virginia",549,566,1115,105,266,371,33.27,4873,4531,9404,264,353,617,6.561037856
55001,"Adams County, Wisconsin",363,602,965,221,405,626,64.87,5156,5330,10486,162,409,571,5.445355712
55003,"Ashland County, Wisconsin",400,423,823,232,317,549,66.71,3242,2996,6238,168,298,466,7.470343059
55005,"Barron County, Wisconsin",1192,1309,2501,521,722,1243,49.70,9872,9159,19031,442,889,1331,6.993852136
55007,"Bayfield County, Wisconsin",286,320,606,119,179,298,49.17,3732,3879,7611,163,334,497,6.530022336
55009,"Brown County, Wisconsin",8643,8950,17593,4430,6088,10518,59.79,42684,37956,80640,2813,3156,5969,7.40203373
55011,"Buffalo County, Wisconsin",320,383,703,150,259,409,58.18,2798,2855,5653,120,266,386,6.828232797
55013,"Burnett County, Wisconsin",301,324,625,119,210,329,52.64,3886,3939,7825,155,323,478,6.108626198
55015,"Calumet County, Wisconsin",1266,1175,2441,582,837,1419,58.13,8259,7950,16209,340,581,921,5.682028503
55017,"Chippewa County, Wisconsin",1832,2166,3998,539,1093,1632,40.82,11797,11456,23253,498,666,1164,5.005805702
55019,"Clark County, Wisconsin",835,893,1728,256,393,649,37.56,6203,5950,12153,295,633,928,7.635974656
55021,"Columbia County, Wisconsin",1444,1682,3126,677,1041,1718,54.96,10918,10364,21282,624,691,1315,6.178930552
55023,"Crawford County, Wisconsin",389,470,859,212,390,602,70.08,3622,3516,7138,149,262,411,5.757915382
55025,"Dane County, Wisconsin",20017,20995,41012,11760,14688,26448,64.49,79650,69933,149583,7035,6270,13305,8.894727342
55027,"Dodge County, Wisconsin",2230,3219,5449,1269,2317,3586,65.81,16871,16154,33025,846,1505,2351,7.118849357
55029,"Door County, Wisconsin",555,553,1108,226,297,523,47.20,7532,6763,14295,400,445,845,5.911157747
55031,"Douglas County, Wisconsin",1384,1470,2854,759,921,1680,58.86,8531,8047,16578,545,728,1273,7.67885149
55033,"Dunn County, Wisconsin",1207,1419,2626,512,923,1435,54.65,7233,6896,14129,299,560,859,6.079694246
55035,"Eau Claire County, Wisconsin",3426,3807,7233,1966,2469,4435,61.32,17081,14721,31802,945,1185,2130,6.697691969
55037,"Florence County, Wisconsin",83,103,186,23,60,83,44.62,1066,1147,2213,36,66,102,4.609127881
55039,"Fond du Lac County, Wisconsin",2952,3000,5952,1319,1694,3013,50.62,20298,17783,38081,1406,1377,2783,7.308106405
55041,"Forest County, Wisconsin",233,230,463,105,138,243,52.48,2037,2010,4047,115,229,344,8.500123548
55043,"Grant County, Wisconsin",1171,1555,2726,508,906,1414,51.87,9549,8598,18147,597,680,1277,7.036975809
55045,"Green County, Wisconsin",875,924,1799,479,622,1101,61.20,7395,6845,14240,270,466,736,5.168539326
55047,"Green Lake County, Wisconsin",414,457,871,175,273,448,51.44,4282,3904,8186,176,261,437,5.338382604
55049,"Iowa County, Wisconsin",620,610,1230,303,385,688,55.93,4702,4501,9203,279,372,651,7.073780289
55051,"Iron County, Wisconsin",109,123,232,40,82,122,52.59,1601,1579,3180,74,142,216,6.79245283
55053,"Jackson County, Wisconsin",489,819,1308,191,588,779,59.56,3866,4053,7919,134,390,524,6.616997096
55055,"Jefferson County, Wisconsin",2408,2261,4669,1115,1394,2509,53.74,15212,14061,29273,712,1186,1898,6.483790524
55057,"Juneau County, Wisconsin",656,817,1473,241,563,804,54.58,5448,5521,10969,302,600,902,8.223174401
55059,"Kenosha County, Wisconsin",5193,5156,10349,2750,3575,6325,61.12,27832,24910,52742,2205,2398,4603,8.727389936
55061,"Kewaunee County, Wisconsin",457,514,971,219,354,573,59.01,4201,4047,8248,181,406,587,7.116876819
55063,"La Crosse County, Wisconsin",3756,4126,7882,2121,3023,5144,65.26,20637,17901,38538,1615,1415,3030,7.862369609
55065,"Lafayette County, Wisconsin",413,469,882,200,267,467,52.95,3251,3198,6449,218,245,463,7.17940766
55067,"Langlade County, Wisconsin",434,446,880,156,209,365,41.48,4557,4330,8887,245,475,720,8.101721616
55069,"Lincoln County, Wisconsin",643,697,1340,307,407,714,53.28,6321,5945,12266,266,383,649,5.291048427
55071,"Manitowoc County, Wisconsin",2026,2161,4187,1048,1297,2345,56.01,17346,15771,33117,1147,1540,2687,8.113657638
55073,"Marathon County, Wisconsin",3932,4128,8060,1964,2584,4548,56.43,25195,23482,48677,1318,1595,2913,5.98434579
55075,"Marinette County, Wisconsin",931,1047,1978,499,611,1110,56.12,9591,9039,18630,409,611,1020,5.475040258
55077,"Marquette County, Wisconsin",309,326,635,105,157,262,41.26,3611,3562,7173,117,236,353,4.921232399
55078,"Menominee County, Wisconsin",147,107,254,120,79,199,78.35,755,618,1373,103,61,164,11.94464676
55079,"Milwaukee County, Wisconsin",41316,38711,80027,28272,28869,57141,71.40,155875,128053,283928,22070,21470,43540,15.33487363
55081,"Monroe County, Wisconsin",1354,1294,2648,463,703,1166,44.03,8122,8063,16185,473,898,1371,8.470806302
55083,"Oconto County, Wisconsin",817,866,1683,388,488,876,52.05,7747,7895,15642,362,543,905,5.785705153
55085,"Oneida County, Wisconsin",772,854,1626,337,567,904,55.60,8900,8562,17462,409,662,1071,6.133318062
55087,"Outagamie County, Wisconsin",5855,6035,11890,2727,3601,6328,53.22,30613,27508,58121,1909,1798,3707,6.37807333
55089,"Ozaukee County, Wisconsin",1937,2109,4046,836,1527,2363,58.40,18524,16250,34774,738,951,1689,4.857077127
55091,"Pepin County, Wisconsin",184,168,352,90,109,199,56.53,1618,1545,3163,87,118,205,6.481188745
55093,"Pierce County, Wisconsin",1097,1213,2310,597,779,1376,59.57,6530,6365,12895,264,405,669,5.188057387
55095,"Polk County, Wisconsin",1029,1057,2086,456,636,1092,52.35,8989,8749,17738,287,554,841,4.74123351
55097,"Portage County, Wisconsin",2034,2324,4358,991,1617,2608,59.84,12255,11360,23615,728,909,1637,6.932034724
55099,"Price County, Wisconsin",289,270,559,125,141,266,47.58,3464,3439,6903,120,281,401,5.809068521
55101,"Racine County, Wisconsin",5734,5818,11552,3111,3926,7037,60.92,36289,32358,68647,3174,3453,6627,9.653735779
55103,"Richland County, Wisconsin",399,431,830,137,207,344,41.45,3915,3621,7536,208,297,505,6.701167728
55105,"Rock County, Wisconsin",4898,4764,9662,2457,2833,5290,54.75,29439,26005,55444,1607,2146,3753,6.768992136
55107,"Rusk County, Wisconsin",285,292,577,100,151,251,43.50,3384,3179,6563,153,280,433,6.597592564
55109,"St. Croix County, Wisconsin",2436,2503,4939,960,1489,2449,49.58,13821,13022,26843,678,936,1614,6.012740752
55111,"Sauk County, Wisconsin",1983,1931,3914,801,1234,2035,51.99,12320,10940,23260,739,831,1570,6.749785039
55113,"Sawyer County, Wisconsin",366,380,746,206,282,488,65.42,3925,3915,7840,182,305,487,6.211734694
55115,"Shawano County, Wisconsin",1043,1072,2115,460,697,1157,54.70,8804,8303,17107,452,672,1124,6.570409774
55117,"Sheboygan County, Wisconsin",3093,3357,6450,1431,2136,3567,55.30,22353,20359,42712,1148,1704,2852,6.67728039
55119,"Taylor County, Wisconsin",465,509,974,192,304,496,50.92,4116,4034,8150,116,326,442,5.423312883
55121,"Trempealeau County, Wisconsin",747,830,1577,355,566,921,58.40,5543,5408,10951,236,504,740,6.757373756
55123,"Vernon County, Wisconsin",721,714,1435,302,426,728,50.73,6108,5899,12007,255,612,867,7.220787874
55125,"Vilas County, Wisconsin",435,415,850,282,225,507,59.65,5784,5606,11390,255,440,695,6.101843723
55127,"Walworth County, Wisconsin",2677,2968,5645,1040,1871,2911,51.57,18784,17300,36084,1066,1355,2421,6.709344862
55129,"Washburn County, Wisconsin",365,297,662,164,189,353,53.32,3841,3709,7550,168,234,402,5.324503311
55131,"Washington County, Wisconsin",3327,3332,6659,1451,1997,3448,51.78,25481,23307,48788,1210,1458,2668,5.468557842
55133,"Waukesha County, Wisconsin",9666,9823,19489,4587,6188,10775,55.29,80075,71378,151453,4067,4567,8634,5.700778459
55135,"Waupaca County, Wisconsin",1247,1290,2537,409,793,1202,47.38,10960,10642,21602,451,783,1234,5.712434034
55137,"Waushara County, Wisconsin",509,646,1155,172,416,588,50.91,5524,5637,11161,231,483,714,6.39727623
55139,"Winnebago County, Wisconsin",5217,5962,11179,2548,3861,6409,57.33,29877,27204,57081,1956,2473,4429,7.759149279
55141,"Wood County, Wisconsin",2170,2123,4293,981,1098,2079,48.43,15875,14131,30006,797,1172,1969,6.562020929
56001,"Albany County, Wyoming",1569,2112,3681,848,1263,2111,57.35,4575,4349,8924,265,236,501,5.614074406
56003,"Big Horn County, Wyoming",303,269,572,97,121,218,38.11,2414,2347,4761,84,232,316,6.63726108
56005,"Campbell County, Wyoming",1838,2252,4090,492,1262,1754,42.89,5973,6408,12381,184,316,500,4.038446006
56007,"Carbon County, Wyoming",445,593,1038,154,258,412,39.69,2682,2913,5595,107,179,286,5.111706881
56009,"Converse County, Wyoming",399,413,812,116,205,321,39.53,2580,2522,5102,34,92,126,2.469619757
56011,"Crook County, Wyoming",175,182,357,26,96,122,34.17,1507,1485,2992,10,89,99,3.308823529
56013,"Fremont County, Wyoming",1247,1307,2554,497,817,1314,51.45,7848,7187,15035,376,449,825,5.487196541
56015,"Goshen County, Wyoming",349,434,783,127,241,368,47.00,2773,2817,5590,98,113,211,3.774597496
56017,"Hot Springs County, Wyoming",115,106,221,9,43,52,23.53,1240,1166,2406,27,109,136,5.652535328
56019,"Johnson County, Wyoming",214,253,467,142,97,239,51.18,1796,1922,3718,19,159,178,4.787520172
56021,"Laramie County, Wyoming",3320,3721,7041,1296,1669,2965,42.11,16782,15024,31806,781,1012,1793,5.637301138
56023,"Lincoln County, Wyoming",500,454,954,112,234,346,36.27,3225,3221,6446,115,122,237,3.676698728
56025,"Natrona County, Wyoming",2869,3114,5983,1203,1617,2820,47.13,13455,12741,26196,493,816,1309,4.996946099
56027,"Niobrara County, Wyoming",107,60,167,54,40,94,56.29,537,463,1000,7,9,16,1.6
56029,"Park County, Wyoming",836,805,1641,325,519,844,51.43,6273,5729,12002,228,366,594,4.949175137
56031,"Platte County, Wyoming",196,238,434,40,191,231,53.23,2060,2013,4073,52,209,261,6.408053032
56033,"Sheridan County, Wyoming",861,822,1683,374,357,731,43.43,6126,5809,11935,314,312,626,5.245077503
56035,"Sublette County, Wyoming",353,364,717,274,182,456,63.60,1620,1814,3434,52,40,92,2.679091439
56037,"Sweetwater County, Wyoming",1697,1859,3556,475,909,1384,38.92,6194,6568,12762,145,360,505,3.957060022
56039,"Teton County, Wyoming",932,1337,2269,721,916,1637,72.15,3486,3539,7025,207,177,384,5.466192171
56041,"Uinta County, Wyoming",612,590,1202,174,218,392,32.61,3227,3138,6365,107,137,244,3.833464258
56043,"Washakie County, Wyoming",190,169,359,120,85,205,57.10,1747,1716,3463,27,91,118,3.407450188
56045,"Weston County, Wyoming",171,236,407,20,148,168,41.28,1452,1448,2900,17,99,116,4